gLAB/files/quiet/15_02_2014/c1pg0460.14i
     1.0            IONOSPHERE MAPS     GNSS                IONEX VERSION / TYPE
IONINX V5.3         AIUB                15-FEB-14 09:29     PGM / RUN BY / DATE 
CODE'S 1-DAY PREDICTED IONOSPHERE MAPS FOR DAY 046, 2014    COMMENT             
Global ionosphere maps (GIM) are generated on a daily basis DESCRIPTION         
at CODE using data from about 150 GPS sites of the IGS and  DESCRIPTION         
other institutions. The vertical total electron content     DESCRIPTION         
(VTEC) is modeled in a solar-geomagnetic reference frame    DESCRIPTION         
using a spherical harmonics expansion up to degree and      DESCRIPTION         
order 15. Piece-wise linear functions are used for          DESCRIPTION         
representation in the time domain. The time spacing of      DESCRIPTION         
their vertices is 2 hours, conforming with the epochs of    DESCRIPTION         
the VTEC maps. Instrumental biases, so-called differential  DESCRIPTION         
P1-P2 code biases (DCB), for all GPS satellites and ground  DESCRIPTION         
stations are estimated as constant values for each day,     DESCRIPTION         
simultaneously with the 13 times 256, or 3328 parameters    DESCRIPTION         
used to represent the global VTEC distribution. The DCB     DESCRIPTION         
datum is defined by a zero-mean condition imposed on the    DESCRIPTION         
satellite bias estimates. P1-C1 bias corrections are taken  DESCRIPTION         
into account if needed. To convert line-of-sight TEC into   DESCRIPTION         
vertical TEC, a modified single-layer model mapping         DESCRIPTION         
function approximating the JPL extended slab model mapping  DESCRIPTION         
function is adopted. The mapping function is evaluated at   DESCRIPTION         
geodetic satellite elevation angles. For the computation of DESCRIPTION         
the ionospheric pierce points, a spherical layer with a     DESCRIPTION         
radius of 6821 km is assumed, implying geocentric, not      DESCRIPTION         
geodetic IONEX latitudes.                                   DESCRIPTION         
Contact address: stefan.schaer or code @aiub.unibe.ch       DESCRIPTION         
Web page:        www.aiub.unibe.ch/content/ionosphere/      DESCRIPTION         
Data archive:    ftp.unibe.ch/aiub/CODE/                    DESCRIPTION         
  2014     2    15     0     0     0                        EPOCH OF FIRST MAP  
  2014     2    16     0     0     0                        EPOCH OF LAST MAP   
  7200                                                      INTERVAL            
    13                                                      # OF MAPS IN FILE   
  NONE                                                      MAPPING FUNCTION    
    10.0                                                    ELEVATION CUTOFF    
One-way carrier phase leveled to code                       OBSERVABLES USED    
  6371.0                                                    BASE RADIUS         
     2                                                      MAP DIMENSION       
   450.0 450.0   0.0                                        HGT1 / HGT2 / DHGT  
    87.5 -87.5  -2.5                                        LAT1 / LAT2 / DLAT  
  -180.0 180.0   5.0                                        LON1 / LON2 / DLON  
    -1                                                      EXPONENT            
TEC/RMS values in 0.1 TECU; 9999, if no value available     COMMENT             
                                                            END OF HEADER       
[from data line 429]
     2                                                      START OF TEC MAP    
  2014     2    15     2     0     0                        EPOCH OF CURRENT MAP
    87.5-180.0 180.0   5.0 450.0                            LAT/LON1/LON2/DLON/H
  187  187  186  185  184  183  182  180  179  177  175  174  172  170  168  166
  164  162  160  158  156  154  153  151  150  149  148  147  146  146  145  145
  145  146  146  146  147  148  149  150  151  152  153  155  156  157  159  160
  162  164  165  167  168  170  172  173  175  177  178  180  181  182  183  185
  185  186  187  187  188  188  188  188  187
    85.0-180.0 180.0   5.0 450.0                            LAT/LON1/LON2/DLON/H
  208  207  206  204  202  200  197  194  191  188  184  181  177  173  169  165
  160  156  152  148  144  141  137  134  132  129  127  126  125  124  124  124
  125  126  127  128  130  132  134  136  138  140  143  145  147  150  152  154
  157  160  162  165  168  171  174  177  180  183  187  190  193  196  198  201
  203  205  206  208  209  209  209  209  208
    82.5-180.0 180.0   5.0 450.0                            LAT/LON1/LON2/DLON/H
  229  227  225  222  219  216  212  207  203  198  193  188  182  176  170  163
  157  151  144  138  132  127  122  117  113  110  108  106  105  105  105  106
  107  109  112  114  117  120  123  126  129  132  135  138  141  143  146  149
  151  154  157  161  165  169  173  178  182  187  192  198  203  207  212  216
  220  224  226  228  230  231  231  230  229
    80.0-180.0 180.0   5.0 450.0                            LAT/LON1/LON2/DLON/H
  250  247  244  240  235  230  225  220  214  208  201  194  187  179  171  162
  154  145  137  128  121  114  107  102   97   94   91   89   89   89   90   92
   95   98  102  106  110  114  118  121  125  128  131  133  135  138  140  142
  144  147  150  154  159  164  170  176  183  190  197  205  212  219  226  233
  238  243  247  251  253  254  253  252  250
    77.5-180.0 180.0   5.0 450.0                            LAT/LON1/LON2/DLON/H
  272  267  262  256  250  244  237  231  224  217  209  201  192  182  172  161
  150  139  129  119  110  102   95   90   85   82   80   79   80   81   83   86
   90   94   98  102  107  111  115  119  122  125  127  129  130  131  132  134
  136  138  142  146  152  158  166  174  183  192  202  212  222  232  241  250
  257  264  270  274  277  278  277  275  272
    75.0-180.0 180.0   5.0 450.0                            LAT/LON1/LON2/DLON/H
  294  288  280  273  265  257  250  242  234  226  217  208  197  185  172  159
  146  133  121  111  101   94   87   82   79   77   76   76   78   80   83   87
   90   94   99  103  107  110  114  117  119  121  122  123  123  123  124  124
  126  129  132  138  145  153  163  174  185  197  209  222  234  245  256  267
  277  285  292  298  301  303  302  299  294
    72.5-180.0 180.0   5.0 450.0                            LAT/LON1/LON2/DLON/H
  315  307  298  288  279  270  261  253  245  237  227  215  202  187  172  156
  141  127  114  103   95   88   83   80   78   78   78   80   83   86   89   92
   95   98  101  103  106  108  110  111  113  114  114  114  114  113  113  114
  115  118  124  131  140  151  163  177  191  206  220  234  247  260  272  284
  295  305  313  320  324  326  325  321  315
    70.0-180.0 180.0   5.0 450.0                            LAT/LON1/LON2/DLON/H
  333  323  313  301  291  281  272  264  256  247  236  223  207  190  171  153
  136  121  108   98   91   86   83   82   82   83   85   88   91   94   96   98
   99  100  100  101  101  101  101  102  102  102  102  102  102  101  101  102
  105  109  116  126  138  152  168  185  202  218  234  249  263  276  288  299
  310  321  330  337  343  345  344  340  333
    67.5-180.0 180.0   5.0 450.0                            LAT/LON1/LON2/DLON/H
  347  337  325  313  301  291  282  275  267  258  247  232  214  193  172  151
  132  117  105   96   90   87   86   87   89   91   94   97   99  101  102  101
  100   98   95   93   91   89   87   87   87   87   88   88   89   89   90   92
   96  102  111  123  138  156  175  195  215  234  251  266  280  292  303  313
  323  333  342  350  356  359  359  355  347
    65.0-180.0 180.0   5.0 450.0                            LAT/LON1/LON2/DLON/H
  357  347  335  321  309  298  290  283  276  267  256  240  220  197  174  151
  132  116  105   99   95   93   93   94   96   98  100  102  103  103  102   99
   94   89   84   80   75   72   70   69   70   71   73   75   77   79   81   84
   89   96  107  122  140  161  184  207  230  251  269  284  297  308  317  326
  334  343  351  359  365  368  368  365  357
    62.5-180.0 180.0   5.0 450.0                            LAT/LON1/LON2/DLON/H
  365  356  343  330  316  305  296  288  282  274  262  246  226  202  177  154
  135  121  111  106  104  103  102  102  102  103  103  103  102   99   95   89
   83   76   69   63   58   55   53   53   54   57   60   64   68   71   75   79
   85   93  106  122  142  166  192  218  243  266  286  302  314  324  332  338
  345  351  358  364  369  373  374  372  365
    60.0-180.0 180.0   5.0 450.0                            LAT/LON1/LON2/DLON/H
  373  364  353  339  325  312  301  292  285  277  265  250  230  206  182  160
  142  129  122  118  116  114  111  109  107  104  102   99   95   90   83   76
   68   60   53   48   43   41   40   41   44   48   54   59   65   69   73   77
   83   92  105  122  144  170  198  226  253  278  299  316  329  339  346  351
  356  360  364  368  373  376  378  377  373
    57.5-180.0 180.0   5.0 450.0                            LAT/LON1/LON2/DLON/H
  381  376  366  353  338  323  308  297  286  277  266  251  232  210  187  167
  151  141  135  131  128  125  120  114  109  103   98   93   86   79   70   62
   54   47   41   38   35   34   35   37   42   48   54   61   67   72   75   79
   84   92  104  122  145  172  201  231  259  286  308  327  341  352  359  364
  367  370  372  374  377  379  382  383  381
    55.0-180.0 180.0   5.0 450.0                            LAT/LON1/LON2/DLON/H
  391  390  383  372  356  338  320  303  289  276  264  249  232  212  192  174
  161  152  147  144  139  133  126  118  109  102   95   87   79   70   61   52
   45   41   38   36   36   37   39   43   48   55   62   69   74   78   81   83
   86   93  105  123  146  173  202  233  262  289  313  333  349  362  371  376
  379  381  381  381  381  383  386  389  391
    52.5-180.0 180.0   5.0 450.0                            LAT/LON1/LON2/DLON/H
  401  405  403  394  379  359  336  313  293  276  262  247  231  214  196  181
  169  161  156  152  146  139  130  120  111  102   94   86   77   67   58   50
   46   44   44   45   47   49   52   56   61   68   74   81   85   88   88   89
   90   96  107  124  147  175  204  234  262  289  313  335  352  367  378  385
  389  390  389  387  386  387  390  396  401
    50.0-180.0 180.0   5.0 450.0                            LAT/LON1/LON2/DLON/H
  409  417  420  416  403  382  356  328  302  280  262  246  231  215  199  185
  174  167  161  156  149  140  131  122  114  106   99   91   81   72   63   57
   55   56   58   61   64   66   69   73   78   84   90   95   98   98   97   95
   95  100  111  129  152  180  208  237  264  289  312  332  351  367  379  389
  394  396  395  392  389  389  392  400  409
    47.5-180.0 180.0   5.0 450.0                            LAT/LON1/LON2/DLON/H
  410  423  431  432  423  404  377  346  315  288  266  248  232  217  202  188
  177  168  161  154  147  139  132  125  119  114  108  101   92   83   75   71
   70   73   77   81   83   85   87   90   94   99  104  108  110  109  106  103
  102  106  118  137  162  190  217  243  267  289  310  328  346  361  375  386
  394  397  397  393  389  388  390  398  410
    45.0-180.0 180.0   5.0 450.0                            LAT/LON1/LON2/DLON/H
  404  418  430  436  432  418  394  363  330  299  273  253  236  221  205  191
  178  167  159  151  144  138  133  130  127  124  120  113  105   97   90   87
   88   92   96   99  100  100  101  103  107  112  117  120  121  120  116  112
  111  115  128  149  176  204  231  255  275  293  309  325  339  354  367  379
  389  394  395  392  387  384  385  392  404
    42.5-180.0 180.0   5.0 450.0                            LAT/LON1/LON2/DLON/H
  392  405  417  426  427  420  402  375  344  312  284  262  243  227  211  195
  180  168  158  149  143  139  137  137  136  134  131  125  117  109  103  101
  103  107  110  112  111  109  109  111  115  121  125  129  130  129  126  122
  121  126  141  164  193  222  249  270  287  301  313  324  336  347  360  373
  384  392  395  392  386  381  379  383  392
    40.0-180.0 180.0   5.0 450.0                            LAT/LON1/LON2/DLON/H
  381  388  396  404  408  407  398  379  353  323  295  272  253  236  218  201
  185  172  160  152  146  143  143  144  144  142  138  132  125  118  112  110
  112  115  118  118  115  112  111  114  119  125  131  135  137  137  135  132
  131  137  154  180  211  242  268  287  302  313  322  330  338  348  359  373
  386  396  401  399  393  385  379  378  381
    37.5-180.0 180.0   5.0 450.0                            LAT/LON1/LON2/DLON/H
  381  378  377  378  382  385  385  375  356  330  305  283  265  247  229  211
  195  180  168  159  154  151  152  152  150  146  140  134  128  122  117  115
  115  118  119  118  114  110  109  113  120  127  134  138  142  144  143  141
  141  147  165  193  227  259  286  305  318  328  336  343  350  360  372  386
  401  414  421  420  414  404  393  386  381
    35.0-180.0 180.0   5.0 450.0                            LAT/LON1/LON2/DLON/H
  402  387  372  362  359  363  367  365  353  334  313  294  276  260  242  224
  208  193  181  171  165  161  160  158  153  146  139  133  128  124  120  117
  116  117  118  115  111  107  107  112  120  128  135  140  144  148  149  148
  147  154  173  203  239  273  300  320  334  345  356  365  375  386  400  417
  435  450  459  461  455  443  430  416  402
    32.5-180.0 180.0   5.0 450.0                            LAT/LON1/LON2/DLON/H
  451  424  394  368  353  351  355  357  350  336  319  303  288  273  255  238
  223  209  196  185  176  171  168  162  154  145  137  133  131  129  125  121
  119  119  119  116  111  108  108  114  122  129  135  139  144  149  151  150
  150  156  175  207  245  281  310  331  349  365  380  395  410  426  445  466
  487  506  517  521  517  506  491  473  451
    30.0-180.0 180.0   5.0 450.0                            LAT/LON1/LON2/DLON/H
  531  494  450  407  376  362  359  359  353  341  327  314  301  286  269  252
  236  222  209  196  185  178  173  166  157  147  141  140  142  142  138  133
  129  127  126  123  118  114  114  119  125  130  133  136  141  145  148  148
  147  153  172  205  245  283  314  339  361  384  408  431  454  478  503  529
  554  575  590  597  595  587  575  557  531
    27.5-180.0 180.0   5.0 450.0                            LAT/LON1/LON2/DLON/H
  633  593  539  482  434  404  389  379  368  354  340  329  316  301  282  263
  247  232  218  203  191  183  178  172  164  156  154  158  164  166  161  154
  147  144  142  138  132  126  124  126  129  131  131  131  133  138  140  139
  138  145  165  199  241  281  315  344  373  403  436  469  501  534  566  597
  626  650  667  677  680  677  671  658  633
    25.0-180.0 180.0   5.0 450.0                            LAT/LON1/LON2/DLON/H
  743  707  651  586  524  478  445  421  399  379  363  350  336  318  295  273
  255  239  222  206  193  186  184  182  179  177  180  189  197  200  193  183
  174  169  165  159  151  142  137  135  133  130  125  122  123  125  127  126
  126  133  155  191  235  278  315  348  383  421  462  505  545  585  624  659
  691  716  735  748  756  761  764  760  743
    22.5-180.0 180.0   5.0 450.0                            LAT/LON1/LON2/DLON/H
  841  816  768  703  635  574  525  484  448  418  397  381  363  338  309  283
  261  243  226  209  197  193  197  202  205  209  217  229  239  239  230  217
  205  197  191  183  172  159  149  142  135  127  119  112  110  111  111  110
  111  121  145  183  229  274  314  352  392  437  485  533  580  625  667  704
  736  762  781  798  811  824  837  845  841
    20.0-180.0 180.0   5.0 450.0                            LAT/LON1/LON2/DLON/H
  908  900  867  812  746  679  617  559  509  470  442  420  396  364  327  295
  270  251  233  217  208  209  219  232  242  251  261  273  280  277  264  248
  233  224  216  205  190  173  159  146  135  122  111  102   97   96   95   94
   97  110  137  178  225  272  315  356  400  450  501  553  601  647  689  726
  756  780  799  817  835  855  876  897  908
    17.5-180.0 180.0   5.0 450.0                            LAT/LON1/LON2/DLON/H
  932  942  930  893  838  773  704  636  575  527  493  466  435  394  350  312
  285  267  251  238  232  238  254  272  286  297  305  312  314  305  288  269
  254  243  233  219  201  181  163  147  132  117  103   92   86   82   80   80
   86  103  134  176  224  272  317  362  409  459  511  561  608  650  689  722
  749  770  788  806  826  849  877  907  932
    15.0-180.0 180.0   5.0 450.0                            LAT/LON1/LON2/DLON/H
  910  936  945  931  894  840  773  701  635  583  545  513  476  428  378  337
  310  294  283  274  273  282  300  319  333  339  341  340  333  318  298  278
  262  251  239  223  204  183  164  146  128  111   97   86   79   73   70   70
   79  100  134  178  227  275  322  368  416  466  515  560  601  638  671  699
  722  739  754  770  790  814  843  876  910
    12.5-180.0 180.0   5.0 450.0                            LAT/LON1/LON2/DLON/H
  852  887  914  922  907  869  811  744  680  629  591  557  516  464  410  368
  344  334  329  326  327  337  353  367  374  372  363  351  334  313  292  272
  258  247  234  218  199  179  161  143  125  108   94   84   76   69   64   66
   78  103  139  183  231  279  326  374  422  469  514  553  587  616  643  666
  685  699  711  725  742  762  786  817  852
    10.0-180.0 180.0   5.0 450.0                            LAT/LON1/LON2/DLON/H
  777  814  850  875  880  859  816  760  705  661  627  593  551  497  443  404
  385  382  384  386  388  394  403  408  404  390  369  345  320  296  274  257
  245  234  221  206  189  173  157  141  124  107   94   85   77   69   64   66
   81  109  147  190  236  283  331  379  426  470  510  543  570  593  614  634
  650  663  674  685  698  712  728  748  777
     7.5-180.0 180.0   5.0 450.0                            LAT/LON1/LON2/DLON/H
  710  738  775  809  827  821  793  752  710  676  649  619  578  526  476  440
  427  430  438  444  445  444  441  433  416  391  360  328  299  274  254  239
  228  218  205  191  178  166  154  141  125  109   98   90   82   74   68   71
   87  117  155  197  240  286  334  382  428  469  505  533  555  575  594  613
  630  644  654  664  673  680  686  693  710
     5.0-180.0 180.0   5.0 450.0                            LAT/LON1/LON2/DLON/H
  669  684  712  745  767  771  755  728  701  680  661  636  599  551  504  473
  463  470  481  487  484  474  458  438  411  378  343  309  279  256  239  227
  216  204  191  178  168  161  154  143  128  113  103   96   89   80   74   77
   95  126  163  202  243  287  335  383  427  467  500  526  547  566  586  607
  629  646  659  669  676  678  675  669  669
     2.5-180.0 180.0   5.0 450.0                            LAT/LON1/LON2/DLON/H
  669  667  682  704  721  726  717  702  687  677  666  646  614  571  528  499
  488  493  503  506  497  478  451  422  391  359  326  296  271  252  238  226
  213  197  182  170  163  159  155  146  132  118  108  102   95   87   81   85
  103  134  169  206  244  286  333  379  423  461  494  522  546  567  590  617
  645  668  686  698  706  707  698  682  669
