gLAB/files/quiet/15_02_2014/c1pg0460.14i
     1.0            IONOSPHERE MAPS     GNSS                IONEX VERSION / TYPE
IONINX V5.3         AIUB                15-FEB-14 09:29     PGM / RUN BY / DATE 
CODE'S 1-DAY PREDICTED IONOSPHERE MAPS FOR DAY 046, 2014    COMMENT             
Global ionosphere maps (GIM) are generated on a daily basis DESCRIPTION         
at CODE using data from about 150 GPS sites of the IGS and  DESCRIPTION         
other institutions. The vertical total electron content     DESCRIPTION         
(VTEC) is modeled in a solar-geomagnetic reference frame    DESCRIPTION         
using a spherical harmonics expansion up to degree and      DESCRIPTION         
order 15. Piece-wise linear functions are used for          DESCRIPTION         
representation in the time domain. The time spacing of      DESCRIPTION         
their vertices is 2 hours, conforming with the epochs of    DESCRIPTION         
the VTEC maps. Instrumental biases, so-called differential  DESCRIPTION         
P1-P2 code biases (DCB), for all GPS satellites and ground  DESCRIPTION         
stations are estimated as constant values for each day,     DESCRIPTION         
simultaneously with the 13 times 256, or 3328 parameters    DESCRIPTION         
used to represent the global VTEC distribution. The DCB     DESCRIPTION         
datum is defined by a zero-mean condition imposed on the    DESCRIPTION         
satellite bias estimates. P1-C1 bias corrections are taken  DESCRIPTION         
into account if needed. To convert line-of-sight TEC into   DESCRIPTION         
vertical TEC, a modified single-layer model mapping         DESCRIPTION         
function approximating the JPL extended slab model mapping  DESCRIPTION         
function is adopted. The mapping function is evaluated at   DESCRIPTION         
geodetic satellite elevation angles. For the computation of DESCRIPTION         
the ionospheric pierce points, a spherical layer with a     DESCRIPTION         
radius of 6821 km is assumed, implying geocentric, not      DESCRIPTION         
geodetic IONEX latitudes.                                   DESCRIPTION         
Contact address: stefan.schaer or code @aiub.unibe.ch       DESCRIPTION         
Web page:        www.aiub.unibe.ch/content/ionosphere/      DESCRIPTION         
Data archive:    ftp.unibe.ch/aiub/CODE/                    DESCRIPTION         
  2014     2    15     0     0     0                        EPOCH OF FIRST MAP  
  2014     2    16     0     0     0                        EPOCH OF LAST MAP   
  7200                                                      INTERVAL            
    13                                                      # OF MAPS IN FILE   
  NONE                                                      MAPPING FUNCTION    
    10.0                                                    ELEVATION CUTOFF    
One-way carrier phase leveled to code                       OBSERVABLES USED    
  6371.0                                                    BASE RADIUS         
     2                                                      MAP DIMENSION       
   450.0 450.0   0.0                                        HGT1 / HGT2 / DHGT  
    87.5 -87.5  -2.5                                        LAT1 / LAT2 / DLAT  
  -180.0 180.0   5.0                                        LON1 / LON2 / DLON  
    -1                                                      EXPONENT            
TEC/RMS values in 0.1 TECU; 9999, if no value available     COMMENT             
                                                            END OF HEADER       
[from data line 2145]
     6                                                      START OF TEC MAP    
  2014     2    15    10     0     0                        EPOCH OF CURRENT MAP
    87.5-180.0 180.0   5.0 450.0                            LAT/LON1/LON2/DLON/H
  101  102  103  104  105  106  107  107  108  109  110  111  111  112  112  113
  113  114  114  114  115  115  115  115  115  115  115  115  115  115  115  114
  114  114  113  113  112  112  111  111  110  109  108  107  106  105  104  104
  103  102  101  100   99   98   98   97   96   96   96   95   95   95   95   95
   96   96   97   97   98   99   99  100  101
    85.0-180.0 180.0   5.0 450.0                            LAT/LON1/LON2/DLON/H
   98  100  101  103  105  107  108  110  111  112  113  114  115  116  116  117
  117  117  118  118  118  119  119  119  119  120  120  120  121  121  121  122
  122  122  122  122  121  121  120  119  119  117  116  115  113  112  110  108
  106  105  103  101   99   97   96   94   93   92   91   90   89   89   89   89
   89   89   90   91   92   93   95   96   98
    82.5-180.0 180.0   5.0 450.0                            LAT/LON1/LON2/DLON/H
   97   99  101  103  105  107  109  110  112  113  114  114  115  115  115  115
  115  115  115  115  115  115  116  116  117  118  119  120  122  123  125  126
  128  129  131  132  132  133  133  133  133  132  131  130  129  127  125  123
  120  118  116  113  110  108  105  103  100   98   96   94   92   91   90   89
   88   88   89   89   90   92   93   95   97
    80.0-180.0 180.0   5.0 450.0                            LAT/LON1/LON2/DLON/H
   97   99  100  102  104  106  108  109  110  111  111  111  111  110  110  109
  108  107  106  106  106  106  106  107  109  111  113  116  119  122  126  129
  133  136  139  142  145  147  149  151  152  153  153  153  152  151  149  148
  146  143  140  138  134  131  128  124  120  116  113  109  106  103  100   98
   96   94   93   93   93   93   94   95   97
    77.5-180.0 180.0   5.0 450.0                            LAT/LON1/LON2/DLON/H
   98   99  100  101  103  104  105  106  106  106  106  106  104  103  102  100
   98   97   95   94   94   94   95   96   99  102  105  109  114  119  125  130
  136  142  148  153  159  163  168  171  175  177  179  180  181  182  181  181
  179  177  175  172  169  165  161  156  151  146  140  134  129  123  118  113
  109  105  102  100   99   98   97   97   98
    75.0-180.0 180.0   5.0 450.0                            LAT/LON1/LON2/DLON/H
   99   99   99  100  101  101  102  102  102  102  101  100   98   96   94   92
   90   88   86   85   84   84   85   87   90   93   98  103  109  116  123  131
  139  147  156  164  172  179  186  192  197  202  206  210  213  215  216  217
  217  216  214  212  209  204  200  194  187  180  172  164  156  147  139  132
  125  119  113  109  105  103  101   99   99
    72.5-180.0 180.0   5.0 450.0                            LAT/LON1/LON2/DLON/H
   98   98   97   98   98   99   99   99   99   98   97   96   94   92   90   88
   85   83   81   79   78   78   79   81   84   88   93   99  105  113  122  131
  141  151  162  173  183  193  202  210  218  225  231  237  242  246  249  251
  252  252  251  249  246  242  236  229  222  212  202  192  180  169  158  148
  138  130  122  116  110  106  102  100   98
    70.0-180.0 180.0   5.0 450.0                            LAT/LON1/LON2/DLON/H
   96   95   94   94   95   95   96   96   96   95   95   94   92   91   89   87
   85   83   81   79   78   77   78   79   82   85   90   96  103  111  120  131
  142  154  167  180  192  204  215  225  235  243  252  259  265  271  275  279
  281  281  280  278  275  270  264  256  247  237  224  211  197  183  170  157
  145  135  126  118  111  106  101   98   96
    67.5-180.0 180.0   5.0 450.0                            LAT/LON1/LON2/DLON/H
   91   89   89   90   90   92   92   93   93   93   93   92   92   91   91   90
   88   86   84   82   80   79   79   80   82   85   89   94  100  109  118  130
  143  157  171  186  200  213  225  236  247  257  266  275  283  289  295  298
  300  300  299  296  292  286  279  271  261  249  235  220  204  188  173  158
  145  134  124  115  108  102   97   93   91
    65.0-180.0 180.0   5.0 450.0                            LAT/LON1/LON2/DLON/H
   84   83   83   83   85   86   88   89   89   90   90   90   91   91   92   92
   91   90   88   86   84   82   81   81   82   83   86   91   97  106  116  129
  144  159  176  192  207  221  234  245  256  266  276  286  295  302  307  311
  311  310  307  302  297  290  283  274  263  250  236  219  202  185  168  153
  140  128  118  110  102   96   91   87   84
    62.5-180.0 180.0   5.0 450.0                            LAT/LON1/LON2/DLON/H
   78   76   76   76   78   79   81   82   83   84   85   86   87   89   90   91
   92   91   89   87   84   82   80   79   79   80   82   86   92  102  114  129
  146  164  182  199  215  230  242  254  264  274  285  295  304  312  317  319
  318  314  309  302  294  286  278  269  258  245  231  214  197  179  162  147
  134  123  114  105   98   92   86   82   78
    60.0-180.0 180.0   5.0 450.0                            LAT/LON1/LON2/DLON/H
   76   73   71   71   71   72   73   75   75   76   77   78   80   83   85   87
   88   88   86   84   81   79   76   74   73   73   75   79   87   98  113  130
  150  171  191  210  227  241  253  263  273  284  294  305  315  322  327  327
  324  317  309  299  289  280  271  262  252  240  226  210  193  176  160  146
  133  123  114  107   99   93   86   81   76
    57.5-180.0 180.0   5.0 450.0                            LAT/LON1/LON2/DLON/H
   81   75   71   69   67   67   67   67   67   68   68   70   72   75   78   80
   82   81   80   78   75   73   70   67   66   65   67   73   82   96  114  135
  158  182  204  224  241  255  266  276  285  295  306  317  327  335  339  338
  332  323  312  300  288  277  268  259  250  240  227  213  197  181  166  153
  142  132  124  117  109  101   94   87   81
    55.0-180.0 180.0   5.0 450.0                            LAT/LON1/LON2/DLON/H
   93   85   78   72   68   65   63   62   61   61   61   62   64   67   70   73
   74   74   73   71   69   66   63   61   58   58   61   68   80   97  119  144
  170  196  220  241  258  271  282  291  300  310  321  333  343  350  353  350
  343  332  319  305  292  281  271  263  255  246  235  223  209  194  181  169
  159  150  143  135  127  118  110  101   93
    52.5-180.0 180.0   5.0 450.0                            LAT/LON1/LON2/DLON/H
  112  102   93   84   76   70   66   63   61   59   58   57   59   61   64   67
   69   69   69   67   66   63   60   57   55   54   58   67   82  103  128  156
  185  213  237  259  275  288  299  307  316  327  338  349  359  365  367  363
  355  343  329  315  302  290  280  272  265  257  248  237  225  213  201  190
  181  173  165  157  148  139  130  121  112
    50.0-180.0 180.0   5.0 450.0                            LAT/LON1/LON2/DLON/H
  134  124  112  101   91   83   76   71   67   64   61   59   59   61   64   66
   69   70   70   69   68   66   62   59   56   56   60   71   89  113  140  170
  200  228  253  274  291  304  314  323  332  343  353  364  372  377  377  372
  364  352  339  326  313  301  291  283  275  268  260  251  240  229  218  209
  200  193  184  176  167  159  151  143  134
    47.5-180.0 180.0   5.0 450.0                            LAT/LON1/LON2/DLON/H
  153  144  134  122  111  101   93   87   81   76   71   67   65   66   69   72
   74   76   77   77   76   74   70   66   62   62   67   80   99  125  153  183
  212  239  264  285  302  316  327  337  346  356  366  374  380  382  380  375
  366  356  345  334  323  311  300  290  282  274  265  256  246  236  227  218
  210  202  194  185  176  169  164  159  153
    45.0-180.0 180.0   5.0 450.0                            LAT/LON1/LON2/DLON/H
  163  158  151  142  132  123  115  108  101   93   86   80   77   76   79   82
   85   88   89   90   89   87   82   77   73   72   78   92  112  137  165  193
  220  246  270  291  309  325  337  348  358  367  375  381  384  383  378  372
  364  355  347  338  329  317  305  293  281  271  262  252  242  232  222  214
  206  198  188  179  171  166  164  164  163
    42.5-180.0 180.0   5.0 450.0                            LAT/LON1/LON2/DLON/H
  160  162  160  155  149  142  136  129  122  113  103   95   90   89   91   94
   98  101  103  104  103  100   95   89   85   84   90  104  125  149  174  199
  223  247  270  293  314  331  346  358  368  377  383  386  385  381  374  366
  359  352  347  341  332  321  307  291  277  263  251  239  228  217  207  198
  190  180  170  160  152  149  151  156  160
    40.0-180.0 180.0   5.0 450.0                            LAT/LON1/LON2/DLON/H
  146  153  157  158  157  155  152  147  140  130  119  110  103  101  102  106
  110  114  116  117  116  112  106  100   95   95  102  116  136  158  180  202
  223  245  269  294  317  338  356  370  381  389  394  395  392  385  376  367
  359  354  351  347  339  328  311  293  274  257  241  227  213  200  189  179
  169  158  146  134  126  123  128  136  146
    37.5-180.0 180.0   5.0 450.0                            LAT/LON1/LON2/DLON/H
  123  134  143  150  155  159  160  157  151  141  130  120  113  110  111  114
  119  122  124  125  123  119  113  106  102  104  112  126  145  165  184  202
  220  242  268  296  325  350  370  386  398  407  412  413  409  402  392  382
  374  369  367  364  357  345  327  305  283  263  244  225  208  193  180  168
  157  144  129  114  103   99  102  112  123
    35.0-180.0 180.0   5.0 450.0                            LAT/LON1/LON2/DLON/H
  102  113  123  134  144  152  157  157  153  145  135  125  118  115  115  118
  122  125  127  127  124  120  114  109  107  110  119  134  152  171  187  203
  220  243  272  305  338  368  391  409  423  435  442  445  444  437  428  418
  410  405  402  399  392  380  361  338  314  290  268  247  227  208  193  179
  166  150  132  113   97   88   87   93  102
    32.5-180.0 180.0   5.0 450.0                            LAT/LON1/LON2/DLON/H
   92   97  105  115  127  137  145  148  146  141  133  125  119  116  116  118
  121  123  124  123  121  117  112  109  109  114  125  141  159  177  192  207
  225  250  283  322  360  394  420  441  458  473  485  493  496  493  486  477
  469  462  458  455  448  436  418  395  369  345  321  297  275  253  235  220
  205  186  164  140  118  102   93   90   92
    30.0-180.0 180.0   5.0 450.0                            LAT/LON1/LON2/DLON/H
  101   96   96  101  111  121  129  134  134  131  127  122  117  115  114  115
  117  118  118  117  115  112  109  108  110  118  131  148  167  185  201  217
  237  265  302  346  389  426  456  479  500  520  539  554  563  565  562  554
  545  538  532  528  522  512  495  473  449  424  400  376  351  328  307  290
  273  253  228  200  171  146  127  111  101
    27.5-180.0 180.0   5.0 450.0                            LAT/LON1/LON2/DLON/H
  134  115  103  100  103  109  115  118  120  120  119  117  115  113  112  112
  113  113  112  110  109  108  107  108  112  122  136  155  175  194  213  231
  254  286  328  376  423  463  495  521  546  572  597  619  635  643  644  638
  629  621  614  610  605  597  583  564  542  519  496  472  447  422  400  381
  363  342  316  285  252  219  187  159  134
    25.0-180.0 180.0   5.0 450.0                            LAT/LON1/LON2/DLON/H
  188  155  131  116  110  108  108  108  109  111  112  113  113  112  112  111
  111  109  108  106  106  106  107  109  115  125  141  160  182  205  227  250
  276  312  357  408  458  500  533  562  590  621  652  680  701  714  718  714
  706  697  691  687  684  678  668  652  634  614  593  571  546  520  495  475
  456  437  412  381  346  308  268  227  188
    22.5-180.0 180.0   5.0 450.0                            LAT/LON1/LON2/DLON/H
  255  211  175  150  132  121  113  108  107  108  111  113  114  113  112  112
  111  109  106  105  106  108  109  111  117  127  143  164  188  214  241  269
  300  338  385  438  489  532  567  597  628  661  695  726  751  766  771  768
  761  753  748  745  744  742  735  723  707  691  673  653  629  602  576  554
  535  517  496  469  436  398  353  304  255
    20.0-180.0 180.0   5.0 450.0                            LAT/LON1/LON2/DLON/H
  323  274  231  197  169  148  132  121  115  114  115  116  116  115  114  114
  112  110  107  107  108  110  111  112  116  126  142  164  191  222  254  287
  321  362  410  463  513  556  591  622  653  687  721  751  775  789  794  792
  786  780  777  776  778  778  774  764  751  737  723  706  683  655  625  601
  582  567  551  531  504  470  427  376  323
    17.5-180.0 180.0   5.0 450.0                            LAT/LON1/LON2/DLON/H
  380  331  288  249  215  186  162  144  133  128  125  123  120  118  116  116
  115  112  109  108  110  112  111  110  112  121  138  162  193  228  265  302
  339  381  429  480  529  571  605  635  665  696  727  753  773  784  787  785
  780  777  776  778  781  783  780  772  761  749  738  723  701  670  637  608
  588  576  566  554  537  511  475  429  380
    15.0-180.0 180.0   5.0 450.0                            LAT/LON1/LON2/DLON/H
  414  374  336  299  263  228  199  176  160  149  141  133  126  120  117  117
  116  113  110  109  110  110  108  104  104  113  131  158  192  232  273  313
  354  396  442  491  537  576  608  637  664  691  715  736  750  756  757  754
  751  751  752  756  759  762  760  752  741  731  722  709  687  653  614  580
  557  546  541  537  530  515  490  454  414
    12.5-180.0 180.0   5.0 450.0                            LAT/LON1/LON2/DLON/H
  423  396  368  338  304  269  237  212  192  175  160  145  131  122  117  116
  115  112  108  106  106  105  100   94   94  103  124  155  193  235  279  323
  364  406  450  495  537  573  603  629  653  675  693  707  715  718  716  713
  712  714  718  722  725  727  725  717  706  696  688  677  653  615  570  529
  502  489  487  489  491  486  473  450  423
    10.0-180.0 180.0   5.0 450.0                            LAT/LON1/LON2/DLON/H
  410  397  382  362  334  302  271  245  223  201  180  158  138  124  117  114
  112  108  104  101  100   97   90   83   83   95  120  155  196  240  285  330
  372  413  454  494  531  563  591  616  637  654  668  677  682  682  680  677
  678  683  688  691  694  694  691  682  671  662  655  643  618  575  522  475
  442  426  423  428  434  438  434  423  410
     7.5-180.0 180.0   5.0 450.0                            LAT/LON1/LON2/DLON/H
  383  383  381  371  351  324  297  272  249  225  198  171  146  128  117  112
  109  103   98   94   92   87   80   73   75   91  121  160  203  247  292  335
  377  416  454  490  521  550  576  599  620  636  647  655  660  662  660  660
  663  669  674  676  677  676  672  663  652  642  636  624  596  548  490  436
  397  376  369  373  380  386  387  385  383
     5.0-180.0 180.0   5.0 450.0                            LAT/LON1/LON2/DLON/H
  355  363  371  370  356  335  312  290  269  243  214  183  154  133  119  112
  106   99   92   87   84   79   72   67   72   93  128  170  213  255  297  339
  379  417  451  482  508  533  558  583  605  622  636  647  656  662  664  666
  671  678  682  683  682  680  676  668  656  647  639  626  597  546  483  425
  381  354  342  340  344  348  350  351  355
     2.5-180.0 180.0   5.0 450.0                            LAT/LON1/LON2/DLON/H
  336  348  360  364  356  338  319  300  280  255  225  193  163  140  124  113
  104   96   88   83   80   75   68   66   76  102  140  183  224  263  301  340
  378  413  444  470  492  515  540  567  594  616  635  653  669  681  689  694
  701  707  711  710  707  705  702  694  683  673  665  650  619  567  504  443
  397  366  348  339  337  336  333  332  336
