gLAB/files/quiet/15_02_2014/c1pg0460.14i
     1.0            IONOSPHERE MAPS     GNSS                IONEX VERSION / TYPE
IONINX V5.3         AIUB                15-FEB-14 09:29     PGM / RUN BY / DATE 
CODE'S 1-DAY PREDICTED IONOSPHERE MAPS FOR DAY 046, 2014    COMMENT             
Global ionosphere maps (GIM) are generated on a daily basis DESCRIPTION         
at CODE using data from about 150 GPS sites of the IGS and  DESCRIPTION         
other institutions. The vertical total electron content     DESCRIPTION         
(VTEC) is modeled in a solar-geomagnetic reference frame    DESCRIPTION         
using a spherical harmonics expansion up to degree and      DESCRIPTION         
order 15. Piece-wise linear functions are used for          DESCRIPTION         
representation in the time domain. The time spacing of      DESCRIPTION         
their vertices is 2 hours, conforming with the epochs of    DESCRIPTION         
the VTEC maps. Instrumental biases, so-called differential  DESCRIPTION         
P1-P2 code biases (DCB), for all GPS satellites and ground  DESCRIPTION         
stations are estimated as constant values for each day,     DESCRIPTION         
simultaneously with the 13 times 256, or 3328 parameters    DESCRIPTION         
used to represent the global VTEC distribution. The DCB     DESCRIPTION         
datum is defined by a zero-mean condition imposed on the    DESCRIPTION         
satellite bias estimates. P1-C1 bias corrections are taken  DESCRIPTION         
into account if needed. To convert line-of-sight TEC into   DESCRIPTION         
vertical TEC, a modified single-layer model mapping         DESCRIPTION         
function approximating the JPL extended slab model mapping  DESCRIPTION         
function is adopted. The mapping function is evaluated at   DESCRIPTION         
geodetic satellite elevation angles. For the computation of DESCRIPTION         
the ionospheric pierce points, a spherical layer with a     DESCRIPTION         
radius of 6821 km is assumed, implying geocentric, not      DESCRIPTION         
geodetic IONEX latitudes.                                   DESCRIPTION         
Contact address: stefan.schaer or code @aiub.unibe.ch       DESCRIPTION         
Web page:        www.aiub.unibe.ch/content/ionosphere/      DESCRIPTION         
Data archive:    ftp.unibe.ch/aiub/CODE/                    DESCRIPTION         
  2014     2    15     0     0     0                        EPOCH OF FIRST MAP  
  2014     2    16     0     0     0                        EPOCH OF LAST MAP   
  7200                                                      INTERVAL            
    13                                                      # OF MAPS IN FILE   
  NONE                                                      MAPPING FUNCTION    
    10.0                                                    ELEVATION CUTOFF    
One-way carrier phase leveled to code                       OBSERVABLES USED    
  6371.0                                                    BASE RADIUS         
     2                                                      MAP DIMENSION       
   450.0 450.0   0.0                                        HGT1 / HGT2 / DHGT  
    87.5 -87.5  -2.5                                        LAT1 / LAT2 / DLAT  
  -180.0 180.0   5.0                                        LON1 / LON2 / DLON  
    -1                                                      EXPONENT            
TEC/RMS values in 0.1 TECU; 9999, if no value available     COMMENT             
                                                            END OF HEADER       
[from data line 4719]
    12                                                      START OF TEC MAP    
  2014     2    15    22     0     0                        EPOCH OF CURRENT MAP
    87.5-180.0 180.0   5.0 450.0                            LAT/LON1/LON2/DLON/H
  160  162  163  164  165  167  168  169  170  171  171  172  173  173  173  173
  173  172  172  171  170  169  168  167  166  165  163  162  160  159  158  156
  155  154  153  152  151  150  149  148  148  147  147  147  147  147  147  147
  147  147  147  147  147  148  148  148  148  149  149  150  150  151  151  152
  153  153  154  155  156  157  158  159  160
    85.0-180.0 180.0   5.0 450.0                            LAT/LON1/LON2/DLON/H
  157  160  163  166  169  172  175  178  180  183  185  187  188  189  190  190
  190  189  187  185  183  181  178  175  172  169  166  163  159  156  153  151
  148  146  143  142  140  139  138  137  136  136  136  136  136  137  137  138
  138  138  139  139  140  140  140  141  141  141  141  142  142  142  143  143
  144  145  146  147  149  151  153  155  157
    82.5-180.0 180.0   5.0 450.0                            LAT/LON1/LON2/DLON/H
  151  156  160  165  170  175  181  186  191  195  199  202  205  207  207  207
  206  204  202  198  195  190  186  181  176  171  166  162  157  152  148  144
  140  137  134  132  130  128  127  127  126  126  127  127  128  129  130  131
  132  133  133  134  134  134  134  134  134  134  133  133  133  133  133  133
  134  135  136  137  139  142  144  148  151
    80.0-180.0 180.0   5.0 450.0                            LAT/LON1/LON2/DLON/H
  147  153  159  165  172  180  187  195  202  208  214  218  222  223  224  223
  220  217  212  207  202  196  190  183  177  171  166  160  154  149  144  140
  135  131  128  125  123  121  120  119  119  120  120  121  122  123  125  126
  127  127  128  128  128  128  127  127  126  125  124  123  123  122  122  123
  123  125  126  128  131  134  138  142  147
    77.5-180.0 180.0   5.0 450.0                            LAT/LON1/LON2/DLON/H
  149  156  163  171  179  188  197  206  215  223  230  236  239  240  239  236
  231  225  218  211  203  196  189  182  176  170  164  159  154  149  144  139
  134  130  126  123  120  118  117  116  115  116  116  117  118  119  119  120
  120  120  120  119  119  118  117  115  114  113  112  111  111  111  111  113
  114  117  120  124  128  132  138  143  149
    75.0-180.0 180.0   5.0 450.0                            LAT/LON1/LON2/DLON/H
  160  167  175  183  192  202  212  223  233  242  250  255  257  257  253  247
  239  229  219  209  200  192  185  178  173  168  163  159  155  150  146  141
  136  132  128  124  120  118  116  114  113  113  113  113  113  113  112  112
  111  110  108  107  105  104  102  101   99   98   97   97   97   98  100  103
  107  112  117  124  131  138  145  152  160
    72.5-180.0 180.0   5.0 450.0                            LAT/LON1/LON2/DLON/H
  179  187  196  204  213  222  233  244  255  265  273  277  278  275  268  258
  246  232  219  206  195  186  179  174  170  166  163  160  156  153  148  144
  139  134  129  125  120  117  114  112  110  109  108  107  106  104  103  101
   98   96   93   91   89   86   85   83   82   81   81   81   83   85   89   94
  100  108  118  128  139  150  160  170  179
    70.0-180.0 180.0   5.0 450.0                            LAT/LON1/LON2/DLON/H
  203  213  221  229  238  247  257  268  280  290  298  303  302  297  286  271
  254  237  220  205  193  184  177  172  168  166  163  160  157  153  149  144
  139  133  127  122  117  113  109  106  104  102  100   98   96   93   90   87
   83   80   76   73   70   68   67   66   65   65   66   67   69   73   78   85
   95  106  119  134  149  165  179  192  203
    67.5-180.0 180.0   5.0 450.0                            LAT/LON1/LON2/DLON/H
  228  239  248  256  263  271  281  292  304  315  324  329  328  320  307  288
  268  246  227  210  197  187  180  174  170  166  163  159  155  150  145  139
  133  127  120  114  108  103  100   96   94   92   89   87   84   81   77   72
   68   64   60   57   54   53   52   52   53   53   54   56   59   63   69   78
   89  103  120  139  159  179  197  214  228
    65.0-180.0 180.0   5.0 450.0                            LAT/LON1/LON2/DLON/H
  248  261  270  278  285  293  302  313  325  337  347  353  352  344  329  309
  286  263  241  223  209  198  189  182  175  168  162  155  149  143  137  130
  123  115  108  101   95   90   87   84   82   80   78   75   72   69   64   60
   55   51   47   45   44   44   44   46   47   48   50   51   54   58   64   73
   85  100  119  141  165  188  211  231  248
    62.5-180.0 180.0   5.0 450.0                            LAT/LON1/LON2/DLON/H
  260  275  286  295  302  309  317  328  340  353  365  372  373  367  352  332
  308  285  263  244  229  217  205  194  183  171  160  150  142  134  126  118
  110  102   94   87   81   77   74   72   71   69   68   66   64   60   56   52
   47   44   41   40   41   43   45   47   49   51   52   53   55   58   63   71
   82   98  118  141  166  193  218  241  260
    60.0-180.0 180.0   5.0 450.0                            LAT/LON1/LON2/DLON/H
  265  282  295  305  313  320  328  337  349  362  375  384  388  383  371  353
  331  309  289  271  255  240  225  209  192  175  159  146  135  125  117  109
  100   91   82   75   70   66   65   64   64   64   63   62   60   57   54   50
   47   44   43   44   46   49   53   56   59   61   61   62   62   64   67   73
   84   98  117  140  166  193  220  244  265
    57.5-180.0 180.0   5.0 450.0                            LAT/LON1/LON2/DLON/H
  266  285  300  312  321  329  336  344  354  366  378  389  395  393  385  370
  352  333  314  297  281  264  245  224  202  180  161  144  132  122  114  105
   96   86   77   70   65   63   62   63   64   65   65   65   64   62   59   56
   53   51   52   54   57   62   67   70   73   75   75   74   74   74   76   81
   90  103  120  142  167  193  219  244  266
    55.0-180.0 180.0   5.0 450.0                            LAT/LON1/LON2/DLON/H
  268  288  305  320  331  340  346  352  358  367  378  388  394  396  390  380
  366  350  335  320  303  284  262  238  212  187  166  149  136  127  118  109
   99   89   80   73   69   68   68   70   71   72   73   74   74   73   71   68
   66   64   65   68   72   78   82   86   89   89   89   88   87   87   89   93
  102  114  130  150  172  197  222  246  268
    52.5-180.0 180.0   5.0 450.0                            LAT/LON1/LON2/DLON/H
  274  295  314  332  346  356  362  364  366  370  377  384  390  392  389  382
  372  361  348  334  318  298  275  249  222  197  176  159  148  139  130  121
  110   99   89   82   79   79   80   82   84   85   87   88   89   89   87   85
   82   80   81   83   88   92   97  100  102  102  101  100   99  100  103  109
  118  130  146  164  185  207  230  252  274
    50.0-180.0 180.0   5.0 450.0                            LAT/LON1/LON2/DLON/H
  286  307  328  349  367  378  383  382  379  377  379  383  386  387  385  379
  372  363  353  341  325  306  283  259  234  210  191  175  164  155  145  134
  122  111  101   95   92   92   94   96   98   99  101  103  105  106  105  102
   98   96   95   97  100  104  107  109  110  110  109  109  109  111  116  124
  136  150  167  185  205  225  245  266  286
    47.5-180.0 180.0   5.0 450.0                            LAT/LON1/LON2/DLON/H
  303  324  346  370  390  404  409  405  397  390  387  386  386  385  380  374
  368  362  353  342  327  309  289  268  246  226  208  193  181  169  157  145
  132  120  111  106  104  105  106  108  109  110  113  116  120  122  121  118
  113  109  106  106  108  110  111  112  113  113  113  114  115  119  126  138
  153  170  189  208  227  247  266  284  303
    45.0-180.0 180.0   5.0 450.0                            LAT/LON1/LON2/DLON/H
  321  341  364  389  412  428  433  427  416  406  399  396  392  387  380  372
  366  360  352  341  327  311  295  278  261  243  225  208  193  178  162  147
  133  123  115  112  111  112  114  115  115  117  120  125  130  133  134  130
  124  118  114  112  111  111  111  111  112  113  114  115  117  123  133  148
  167  188  209  229  249  268  286  303  321
    42.5-180.0 180.0   5.0 450.0                            LAT/LON1/LON2/DLON/H
  336  355  378  403  427  444  449  443  431  420  413  409  404  395  384  374
  367  362  355  344  331  317  304  290  276  258  238  218  197  177  158  141
  128  120  115  114  114  115  116  116  117  118  122  129  135  140  141  137
  131  124  118  114  112  110  108  108  109  111  112  114  117  124  136  154
  176  200  223  245  266  285  303  320  336
    40.0-180.0 180.0   5.0 450.0                            LAT/LON1/LON2/DLON/H
  346  363  384  408  432  448  453  448  437  428  424  422  418  408  395  383
  375  370  363  353  340  327  316  304  289  269  245  219  193  169  148  132
  121  117  116  117  117  117  116  115  116  117  122  129  137  143  145  141
  134  127  120  115  111  108  105  104  105  108  110  112  115  122  135  155
  179  205  230  253  274  294  312  329  346
    37.5-180.0 180.0   5.0 450.0                            LAT/LON1/LON2/DLON/H
  349  366  384  405  427  442  446  441  432  427  429  432  432  422  408  395
  387  384  378  368  355  342  330  318  300  275  246  216  187  162  142  128
  122  122  125  127  126  123  119  117  116  118  123  130  138  144  146  143
  136  128  122  116  111  107  103  102  103  106  109  110  112  118  131  152
  179  206  232  255  276  296  315  333  349
    35.0-180.0 180.0   5.0 450.0                            LAT/LON1/LON2/DLON/H
  352  367  383  401  418  431  433  427  420  419  427  437  441  434  420  408
  402  401  397  387  373  359  345  329  307  277  244  213  187  166  151  142
  141  145  149  150  145  138  130  126  124  125  129  135  141  145  146  143
  137  131  124  119  113  108  103  101  102  105  107  107  108  114  127  149
  176  205  231  253  274  295  315  334  352
    32.5-180.0 180.0   5.0 450.0                            LAT/LON1/LON2/DLON/H
  358  374  388  402  416  425  425  417  410  410  422  438  447  443  431  420
  416  418  416  406  391  375  358  338  310  276  244  219  203  192  186  183
  185  190  192  188  178  163  151  143  140  140  142  145  147  149  148  145
  140  134  128  123  117  110  105  101  101  103  104  103  103  108  122  146
  175  204  230  253  274  295  317  339  358
    30.0-180.0 180.0   5.0 450.0                            LAT/LON1/LON2/DLON/H
  375  393  406  418  430  436  434  423  413  412  424  442  453  451  439  430
  428  431  431  421  405  386  367  343  312  280  254  242  241  246  250  253
  255  256  252  240  220  198  180  170  165  163  162  161  159  156  152  148
  143  138  133  128  121  114  106  101   99   99   98   97   97  103  119  144
  175  207  234  257  279  302  327  352  375
    27.5-180.0 180.0   5.0 450.0                            LAT/LON1/LON2/DLON/H
  407  428  444  456  467  473  470  457  441  434  441  456  465  462  450  439
  438  441  440  430  413  393  373  348  318  292  279  285  305  327  340  344
  341  333  319  296  266  237  213  200  194  191  187  181  174  166  159  153
  148  143  138  132  125  116  107   99   94   92   89   87   89   97  116  145
  180  214  244  269  293  319  348  379  407
    25.0-180.0 180.0   5.0 450.0                            LAT/LON1/LON2/DLON/H
  452  479  499  515  529  539  537  522  500  484  481  488  492  484  468  454
  449  450  447  435  417  398  379  357  333  317  321  348  388  424  442  441
  427  406  379  344  306  270  243  228  222  218  213  203  191  178  167  159
  153  148  142  135  126  115  104   95   87   82   78   77   80   93  117  150
  188  225  259  288  317  347  381  417  452
    22.5-180.0 180.0   5.0 450.0                            LAT/LON1/LON2/DLON/H
  505  539  566  588  609  625  630  616  590  564  549  544  539  523  501  480
  468  463  455  440  422  405  391  375  361  358  378  423  478  520  536  524
  494  457  416  373  329  290  263  248  243  240  234  223  207  190  175  165
  158  152  145  136  125  113  100   88   78   71   66   66   73   91  120  157
  199  240  278  313  346  381  421  464  505
    20.0-180.0 180.0   5.0 450.0                            LAT/LON1/LON2/DLON/H
  559  600  633  663  693  720  734  726  699  666  640  622  606  582  551  522
  501  486  471  452  434  421  413  406  403  411  444  498  557  596  600  572
  525  473  423  375  331  294  270  257  254  253  248  237  219  200  183  170
  162  154  145  135  122  109   95   81   70   61   57   58   69   92  126  168
  213  257  299  338  377  418  463  511  559
    17.5-180.0 180.0   5.0 450.0                            LAT/LON1/LON2/DLON/H
  603  649  689  726  766  804  829  831  809  774  741  714  689  657  619  580
  549  524  501  478  461  451  450  452  457  472  507  559  608  632  619  573
  512  450  396  351  313  284  265  256  255  256  254  244  228  207  189  175
  165  156  146  134  120  105   91   77   65   56   51   55   70   97  136  181
  228  274  318  362  405  451  499  552  603
    15.0-180.0 180.0   5.0 450.0                            LAT/LON1/LON2/DLON/H
  631  679  723  766  812  859  896  910  898  868  834  805  776  740  697  652
  611  576  546  520  503  497  500  508  517  532  559  593  620  621  588  527
  457  394  345  310  285  266  254  249  250  253  253  247  232  213  194  179
  169  159  148  135  120  105   91   77   65   56   53   58   76  107  149  196
  243  290  336  382  428  475  525  578  631
    12.5-180.0 180.0   5.0 450.0                            LAT/LON1/LON2/DLON/H
  641  688  731  775  824  876  921  947  947  929  903  877  851  817  775  727
  680  639  605  577  559  554  560  569  577  583  590  596  592  566  514  446
  378  323  288  269  259  252  247  244  245  248  250  246  234  216  199  184
  174  164  153  140  126  111   97   84   72   63   60   66   86  120  164  211
  258  304  350  396  443  491  539  590  641
    10.0-180.0 180.0   5.0 450.0                            LAT/LON1/LON2/DLON/H
  635  677  717  757  802  852  899  933  947  944  933  918  901  875  839  794
  747  705  668  640  622  617  621  627  627  617  597  569  531  480  418  354
  298  260  244  243  249  253  253  249  247  247  248  245  235  220  204  191
  181  172  162  150  137  123  109   96   85   76   72   78   98  133  177  225
  272  316  361  407  452  497  543  589  635
     7.5-180.0 180.0   5.0 450.0                            LAT/LON1/LON2/DLON/H
  619  656  689  722  758  798  840  876  901  914  919  920  916  903  878  842
  800  761  727  700  683  675  673  672  661  632  584  522  455  387  326  276
  242  227  231  247  265  276  276  268  260  254  252  248  239  226  212  200
  191  183  175  165  153  139  126  113  102   92   86   90  110  144  188  236
  282  326  370  414  457  499  539  580  619
     5.0-180.0 180.0   5.0 450.0                            LAT/LON1/LON2/DLON/H
  603  633  660  683  707  732  761  792  822  848  870  886  897  898  887  862
  831  798  770  748  731  718  710  700  677  630  559  471  384  313  264  238
  230  238  258  285  308  319  316  301  284  271  262  255  245  233  221  211
  204  198  191  183  172  158  145  131  119  107   99  100  117  150  194  241
  287  331  375  417  458  497  534  570  603
     2.5-180.0 180.0   5.0 450.0                            LAT/LON1/LON2/DLON/H
  593  619  640  656  667  676  688  707  736  769  801  830  852  865  867  856
  835  812  792  774  758  742  727  708  676  618  532  432  340  277  250  251
  269  295  324  352  372  378  366  343  317  295  279  266  254  242  232  223
  217  212  207  200  190  176  161  147  132  117  106  105  120  151  193  240
  286  332  375  418  458  495  530  563  593
