gLAB/files/quiet/15_02_2014/c1pg0460.14i
     1.0            IONOSPHERE MAPS     GNSS                IONEX VERSION / TYPE
IONINX V5.3         AIUB                15-FEB-14 09:29     PGM / RUN BY / DATE 
CODE'S 1-DAY PREDICTED IONOSPHERE MAPS FOR DAY 046, 2014    COMMENT             
Global ionosphere maps (GIM) are generated on a daily basis DESCRIPTION         
at CODE using data from about 150 GPS sites of the IGS and  DESCRIPTION         
other institutions. The vertical total electron content     DESCRIPTION         
(VTEC) is modeled in a solar-geomagnetic reference frame    DESCRIPTION         
using a spherical harmonics expansion up to degree and      DESCRIPTION         
order 15. Piece-wise linear functions are used for          DESCRIPTION         
representation in the time domain. The time spacing of      DESCRIPTION         
their vertices is 2 hours, conforming with the epochs of    DESCRIPTION         
the VTEC maps. Instrumental biases, so-called differential  DESCRIPTION         
P1-P2 code biases (DCB), for all GPS satellites and ground  DESCRIPTION         
stations are estimated as constant values for each day,     DESCRIPTION         
simultaneously with the 13 times 256, or 3328 parameters    DESCRIPTION         
used to represent the global VTEC distribution. The DCB     DESCRIPTION         
datum is defined by a zero-mean condition imposed on the    DESCRIPTION         
satellite bias estimates. P1-C1 bias corrections are taken  DESCRIPTION         
into account if needed. To convert line-of-sight TEC into   DESCRIPTION         
vertical TEC, a modified single-layer model mapping         DESCRIPTION         
function approximating the JPL extended slab model mapping  DESCRIPTION         
function is adopted. The mapping function is evaluated at   DESCRIPTION         
geodetic satellite elevation angles. For the computation of DESCRIPTION         
the ionospheric pierce points, a spherical layer with a     DESCRIPTION         
radius of 6821 km is assumed, implying geocentric, not      DESCRIPTION         
geodetic IONEX latitudes.                                   DESCRIPTION         
Contact address: stefan.schaer or code @aiub.unibe.ch       DESCRIPTION         
Web page:        www.aiub.unibe.ch/content/ionosphere/      DESCRIPTION         
Data archive:    ftp.unibe.ch/aiub/CODE/                    DESCRIPTION         
  2014     2    15     0     0     0                        EPOCH OF FIRST MAP  
  2014     2    16     0     0     0                        EPOCH OF LAST MAP   
  7200                                                      INTERVAL            
    13                                                      # OF MAPS IN FILE   
  NONE                                                      MAPPING FUNCTION    
    10.0                                                    ELEVATION CUTOFF    
One-way carrier phase leveled to code                       OBSERVABLES USED    
  6371.0                                                    BASE RADIUS         
     2                                                      MAP DIMENSION       
   450.0 450.0   0.0                                        HGT1 / HGT2 / DHGT  
    87.5 -87.5  -2.5                                        LAT1 / LAT2 / DLAT  
  -180.0 180.0   5.0                                        LON1 / LON2 / DLON  
    -1                                                      EXPONENT            
TEC/RMS values in 0.1 TECU; 9999, if no value available     COMMENT             
                                                            END OF HEADER       
[from data line 2574]
     7                                                      START OF TEC MAP    
  2014     2    15    12     0     0                        EPOCH OF CURRENT MAP
    87.5-180.0 180.0   5.0 450.0                            LAT/LON1/LON2/DLON/H
  103  104  105  107  108  110  111  113  114  115  116  117  118  119  120  120
  121  121  122  122  122  122  122  122  121  121  121  120  119  118  117  116
  115  114  113  111  110  108  106  105  103  102  100   98   97   96   94   93
   92   91   90   89   89   88   88   88   88   88   88   88   89   90   90   91
   92   93   94   96   97   98  100  101  103
    85.0-180.0 180.0   5.0 450.0                            LAT/LON1/LON2/DLON/H
  100  103  105  108  110  113  115  117  120  122  124  125  127  128  130  131
  132  132  133  133  134  134  134  134  134  134  133  133  132  131  130  129
  127  126  124  121  119  116  113  110  107  104  101   98   95   92   89   87
   84   82   81   79   78   77   77   77   77   77   78   78   79   80   82   83
   85   86   88   90   92   94   96   98  100
    82.5-180.0 180.0   5.0 450.0                            LAT/LON1/LON2/DLON/H
   98  100  103  105  108  111  114  117  120  123  125  128  130  131  133  134
  135  135  136  136  137  137  138  138  139  140  141  141  142  142  143  142
  142  141  139  137  134  131  128  124  119  115  111  106  102   98   94   90
   87   85   82   80   79   78   77   77   77   77   78   79   79   80   82   83
   84   85   87   88   90   91   93   95   98
    80.0-180.0 180.0   5.0 450.0                            LAT/LON1/LON2/DLON/H
   94   95   97  100  102  105  109  112  115  118  121  124  126  128  129  130
  130  130  131  131  132  132  134  135  137  140  143  146  149  152  154  156
  158  158  158  157  155  152  149  145  140  135  130  125  120  115  110  106
  103  100   97   95   93   91   90   90   90   89   90   90   90   91   91   91
   91   91   91   91   91   91   92   93   94
    77.5-180.0 180.0   5.0 450.0                            LAT/LON1/LON2/DLON/H
   90   90   91   92   95   97  100  104  107  111  114  116  119  120  121  121
  121  121  121  121  121  123  125  128  131  136  141  147  153  159  165  170
  174  177  179  180  180  178  175  171  167  162  157  152  147  142  137  133
  130  126  123  120  118  116  114  113  111  110  110  109  108  107  106  105
  103  101   99   97   95   93   91   90   90
    75.0-180.0 180.0   5.0 450.0                            LAT/LON1/LON2/DLON/H
   87   86   85   86   87   89   92   95   98  102  105  108  110  112  113  113
  112  111  110  110  110  112  114  119  124  131  139  147  156  165  174  182
  189  195  199  202  204  204  202  199  196  191  187  183  178  174  171  167
  163  160  156  153  149  145  142  139  136  133  131  129  126  124  122  119
  115  112  108  104  100   96   92   89   87
    72.5-180.0 180.0   5.0 450.0                            LAT/LON1/LON2/DLON/H
   85   83   81   81   82   83   85   88   91   95   98  101  104  105  106  106
  105  104  102  101  101  103  106  112  119  127  136  147  158  169  180  191
  200  209  216  221  224  226  225  224  221  218  215  212  209  207  204  201
  198  194  190  185  179  173  167  161  155  150  146  142  138  135  131  127
  123  118  113  108  103   98   93   89   85
    70.0-180.0 180.0   5.0 450.0                            LAT/LON1/LON2/DLON/H
   85   82   80   79   79   80   81   84   87   90   93   96   99  101  103  102
  101   99   98   96   96   98  102  108  116  125  136  147  159  171  184  196
  207  218  227  234  239  242  243  242  241  240  238  237  236  234  233  231
  228  223  217  210  201  192  182  173  164  156  150  144  140  135  131  127
  122  118  113  108  103   97   93   88   85
    67.5-180.0 180.0   5.0 450.0                            LAT/LON1/LON2/DLON/H
   83   81   79   78   78   79   80   82   84   86   89   93   96   99  100  101
  100   98   96   94   94   97  101  108  117  126  137  148  159  172  184  197
  210  222  232  240  247  251  253  254  254  254  254  254  254  254  254  252
  248  243  234  224  212  199  185  172  160  150  142  135  129  125  121  117
  113  109  105  102   98   94   90   86   83
    65.0-180.0 180.0   5.0 450.0                            LAT/LON1/LON2/DLON/H
   80   78   77   76   77   78   79   80   81   83   86   89   92   95   98   99
   99   97   94   93   93   96  102  110  119  128  138  148  159  171  183  196
  209  222  234  243  250  256  259  261  262  263  264  265  266  267  267  264
  260  252  241  228  212  195  178  162  148  135  125  117  112  107  104  101
   98   96   94   92   90   88   85   83   80
    62.5-180.0 180.0   5.0 450.0                            LAT/LON1/LON2/DLON/H
   76   74   73   73   74   75   76   78   78   79   80   83   86   90   94   95
   95   93   91   90   91   95  102  111  121  131  140  149  159  170  182  195
  209  223  235  245  253  259  263  265  267  269  271  273  275  275  274  270
  264  254  241  224  206  187  167  149  133  119  108  100   95   91   88   86
   84   83   82   82   81   81   80   78   76
    60.0-180.0 180.0   5.0 450.0                            LAT/LON1/LON2/DLON/H
   73   70   68   68   69   70   72   73   74   74   74   75   78   82   86   89
   89   87   85   85   87   93  102  113  124  133  142  151  160  170  183  197
  212  226  239  250  258  264  269  272  275  278  280  282  283  283  280  274
  265  253  237  219  200  179  159  140  124  110   99   92   87   83   81   79
   77   76   76   77   77   78   77   75   73
    57.5-180.0 180.0   5.0 450.0                            LAT/LON1/LON2/DLON/H
   72   67   64   62   63   65   67   69   69   68   67   67   69   73   77   80
   81   80   78   78   81   89  101  114  126  137  145  154  163  175  189  204
  220  235  248  259  267  273  278  283  287  290  293  295  295  293  288  279
  268  253  237  218  198  178  159  141  126  113  104   97   93   90   87   85
   82   81   80   80   81   81   79   76   72
    55.0-180.0 180.0   5.0 450.0                            LAT/LON1/LON2/DLON/H
   77   70   64   60   59   61   63   65   65   63   61   60   61   65   69   72
   73   72   71   71   77   87  101  116  130  141  151  160  171  184  200  216
  233  248  261  271  280  286  292  297  302  307  310  312  311  306  299  288
  274  258  240  222  204  186  169  154  141  130  122  116  113  110  107  103
  100   97   95   94   94   93   90   84   77
    52.5-180.0 180.0   5.0 450.0                            LAT/LON1/LON2/DLON/H
   90   80   70   64   61   61   63   64   65   63   60   57   57   60   64   67
   69   68   67   68   75   88  104  121  136  149  159  169  182  197  214  232
  248  263  276  286  294  301  307  314  320  326  329  330  328  322  312  299
  283  266  249  231  215  200  186  174  163  154  148  143  140  137  134  129
  125  120  117  115  114  111  107  100   90
    50.0-180.0 180.0   5.0 450.0                            LAT/LON1/LON2/DLON/H
  110   97   86   76   70   68   68   69   70   68   64   61   59   60   64   68
   70   69   69   71   79   93  111  129  145  158  169  181  195  212  230  247
  263  277  288  298  307  314  322  329  336  342  346  347  343  335  324  310
  293  276  258  242  227  215  204  194  185  178  172  168  166  163  159  154
  148  143  139  137  135  133  128  120  110
    47.5-180.0 180.0   5.0 450.0                            LAT/LON1/LON2/DLON/H
  132  120  108   96   87   82   80   80   80   78   75   70   66   66   69   73
   76   76   76   78   87  102  121  140  156  168  180  192  207  224  242  258
  273  285  297  307  317  325  333  341  349  355  358  357  352  344  332  317
  301  284  266  250  236  225  215  206  198  192  187  183  180  177  173  168
  162  157  154  153  153  151  148  142  132
    45.0-180.0 180.0   5.0 450.0                            LAT/LON1/LON2/DLON/H
  152  144  133  121  109  101   96   94   94   92   89   83   78   76   79   83
   86   87   87   90   98  113  132  151  166  179  190  202  217  233  249  263
  276  288  301  313  324  334  342  350  357  361  363  360  354  345  334  320
  305  288  270  253  239  227  217  207  199  192  187  183  179  176  171  166
  161  157  156  157  159  161  161  158  152
    42.5-180.0 180.0   5.0 450.0                            LAT/LON1/LON2/DLON/H
  164  161  154  144  132  120  113  109  108  107  103   97   91   88   89   93
   97   98   99  102  110  124  142  160  175  187  197  209  222  236  249  262
  274  288  303  318  332  343  352  358  363  365  364  359  351  342  332  320
  306  289  271  253  236  222  210  199  190  182  175  170  165  160  154  149
  144  142  143  147  152  157  162  164  164
    40.0-180.0 180.0   5.0 450.0                            LAT/LON1/LON2/DLON/H
  164  167  166  159  149  136  126  121  120  119  116  109  101   97   97  101
  105  107  108  111  119  133  150  167  181  192  202  212  223  235  246  258
  272  290  310  330  347  359  367  372  373  372  367  359  349  340  331  321
  309  293  274  254  234  217  202  189  178  169  162  155  148  141  133  125
  121  119  122  127  134  142  150  157  164
    37.5-180.0 180.0   5.0 450.0                            LAT/LON1/LON2/DLON/H
  151  160  165  164  156  144  134  128  126  126  123  116  107  101  100  104
  109  112  113  116  124  138  155  172  186  197  205  214  222  232  244  258
  277  301  328  354  374  387  394  395  394  389  380  368  356  346  338  331
  321  306  286  264  242  222  204  189  177  168  160  152  143  132  120  110
  103  100  102  107  113  121  130  140  151
    35.0-180.0 180.0   5.0 450.0                            LAT/LON1/LON2/DLON/H
  130  142  152  155  151  142  133  128  126  126  124  117  108  101   99  102
  107  110  113  117  126  140  157  175  190  201  209  216  223  233  247  268
  295  327  362  393  416  429  434  434  429  421  409  394  379  369  362  356
  348  334  314  291  268  246  227  211  199  190  183  174  162  147  131  115
  104   98   97   98  100  104  109  118  130
    32.5-180.0 180.0   5.0 450.0                            LAT/LON1/LON2/DLON/H
  108  120  131  138  137  132  125  121  121  122  120  113  104   96   93   96
  101  105  109  115  126  141  160  179  195  207  215  222  229  242  262  291
  329  372  415  450  474  486  489  487  481  472  457  440  423  411  405  400
  393  380  362  339  317  295  277  262  251  243  237  228  214  195  173  152
  135  123  116  110  104  100   97  100  108
    30.0-180.0 180.0   5.0 450.0                            LAT/LON1/LON2/DLON/H
   96  102  111  117  119  117  113  111  112  113  112  106   97   89   87   88
   93   97  103  112  126  144  165  186  204  217  226  232  242  259  289  330
  380  433  481  518  541  551  553  551  546  537  522  504  485  473  466  462
  456  444  427  408  388  369  352  339  329  323  319  311  296  274  247  221
  198  179  163  148  132  116  103   96   96
    27.5-180.0 180.0   5.0 450.0                            LAT/LON1/LON2/DLON/H
   99   96   98  102  104  103  102  102  103  104  103   98   90   84   81   82
   86   91   98  110  128  150  174  196  215  230  239  247  260  285  326  381
  443  503  553  589  609  616  618  618  617  610  597  578  559  546  539  534
  529  518  504  488  472  457  443  431  423  418  414  407  393  370  341  311
  283  258  234  210  183  156  130  111   99
    25.0-180.0 180.0   5.0 450.0                            LAT/LON1/LON2/DLON/H
  122  108  101   98   97   96   95   95   96   97   96   92   86   81   78   79
   81   86   95  111  133  159  184  208  228  243  254  265  283  317  370  437
  507  571  621  652  667  673  675  679  682  680  669  652  633  620  612  607
  601  592  581  568  557  546  535  523  514  508  504  498  485  463  436  405
  375  346  317  285  250  214  177  146  122
    22.5-180.0 180.0   5.0 450.0                            LAT/LON1/LON2/DLON/H
  163  138  122  111  103   99   96   94   94   93   92   89   84   81   79   79
   80   85   95  114  140  168  195  218  239  255  268  283  307  350  413  489
  564  628  672  697  708  712  716  723  732  734  728  713  695  682  673  668
  663  654  645  636  629  621  610  596  583  573  566  560  549  532  508  482
  454  425  394  359  321  279  235  196  163
    20.0-180.0 180.0   5.0 450.0                            LAT/LON1/LON2/DLON/H
  213  182  157  138  123  112  105  100   96   93   91   88   86   84   83   82
   82   85   96  117  146  176  202  225  245  263  279  298  329  380  450  530
  605  663  700  718  725  729  736  747  760  767  763  751  735  722  714  709
  704  696  688  681  676  669  656  638  617  599  588  580  571  559  543  523
  501  476  448  416  380  338  294  251  213
    17.5-180.0 180.0   5.0 450.0                            LAT/LON1/LON2/DLON/H
  264  231  201  175  153  135  121  111  103   97   92   89   88   88   87   86
   84   86   97  119  148  179  204  226  246  266  286  311  348  403  476  555
  625  675  704  716  721  725  735  750  766  775  773  763  749  738  730  726
  720  713  706  699  694  686  670  644  613  585  565  554  547  540  532  521
  508  491  470  445  416  381  342  302  264
    15.0-180.0 180.0   5.0 450.0                            LAT/LON1/LON2/DLON/H
  305  275  245  215  187  161  141  125  112  102   95   92   91   91   91   88
   85   85   95  117  147  176  201  222  243  266  291  321  363  421  492  564
  625  665  686  695  700  707  720  736  753  762  761  752  740  730  724  721
  716  710  702  695  688  677  655  621  579  539  510  493  486  484  483  481
  476  469  458  444  425  401  371  338  305
    12.5-180.0 180.0   5.0 450.0                            LAT/LON1/LON2/DLON/H
  330  306  280  250  218  187  161  140  123  109  100   94   92   92   91   88
   84   83   91  112  141  170  194  215  238  265  295  331  376  433  498  560
  609  639  655  664  672  682  697  714  729  737  735  727  717  709  705  702
  700  694  686  677  667  653  626  584  532  480  442  419  410  410  413  418
  420  421  420  417  410  398  378  354  330
    10.0-180.0 180.0   5.0 450.0                            LAT/LON1/LON2/DLON/H
  337  320  301  274  242  208  179  154  133  117  105   97   93   91   89   85
   80   78   86  106  134  162  187  210  235  267  304  344  390  443  499  549
  585  608  621  632  645  660  676  692  704  710  708  700  692  685  682  682
  681  677  668  658  647  630  599  552  491  431  385  357  345  343  347  354
  360  366  371  377  381  379  368  353  337
     7.5-180.0 180.0   5.0 450.0                            LAT/LON1/LON2/DLON/H
  329  320  306  284  254  222  191  166  144  125  110  100   93   88   85   80
   75   73   81  100  129  158  184  210  240  276  317  360  406  452  497  535
  561  578  592  608  626  645  663  677  687  691  688  682  675  670  668  669
  670  668  660  649  637  620  589  539  475  410  359  326  311  306  307  311
  316  322  330  341  351  355  350  339  329
     5.0-180.0 180.0   5.0 450.0                            LAT/LON1/LON2/DLON/H
  315  309  300  282  256  227  199  174  153  133  116  103   93   86   80   75
   70   69   78   98  128  160  190  219  253  293  336  380  422  462  496  522
  540  556  573  595  619  641  659  674  683  686  684  679  673  669  668  670
  672  671  665  656  645  630  601  553  489  425  373  338  320  310  306  304
  303  304  310  321  333  338  334  324  315
     2.5-180.0 180.0   5.0 450.0                            LAT/LON1/LON2/DLON/H
  303  295  287  273  251  225  202  180  160  140  122  107   94   84   76   70
   66   67   78  101  134  169  204  237  274  314  358  399  437  470  494  512
  526  543  565  592  620  645  665  681  691  695  695  692  688  684  682  684
  687  687  683  676  668  656  632  589  531  471  422  389  368  354  343  333
  324  318  318  325  333  336  328  315  303
