gLAB/files/quiet/15_02_2014/ckmg0460.14i
     1.0            IONOSPHERE MAPS     GNSS                IONEX VERSION / TYPE
BIMINX V5.3         AIUB                20-FEB-14 07:27     PGM / RUN BY / DATE 
CODE'S KLOBUCHAR-STYLE IONOSPHERE MODEL FOR DAY 046, 2014   COMMENT             
  2014     2    15     0     0     0                        EPOCH OF FIRST MAP  
  2014     2    16     0     0     0                        EPOCH OF LAST MAP   
  7200                                                      INTERVAL            
    13                                                      # OF MAPS IN FILE   
  NONE                                                      MAPPING FUNCTION    
     0.0                                                    ELEVATION CUTOFF    
                                                            OBSERVABLES USED    
  6371.0                                                    BASE RADIUS         
     2                                                      MAP DIMENSION       
   350.0 350.0   0.0                                        HGT1 / HGT2 / DHGT  
    87.5 -87.5  -2.5                                        LAT1 / LAT2 / DLAT  
  -180.0 180.0   5.0                                        LON1 / LON2 / DLON  
    -1                                                      EXPONENT            
TEC/RMS values in 0.1 TECU; 9999, if no value available     COMMENT             
                                                            END OF HEADER       
[from data line 2145]
     6                                                      START OF TEC MAP    
  2014     2    15    10     0     0                        EPOCH OF CURRENT MAP
    87.5-180.0 180.0   5.0 350.0                            LAT/LON1/LON2/DLON/H
   92   92   92   92   92   92   92   92   92   92   92   92   92   92   92   92
   92   92   92   92   92   92   92   92   92   92   92   92   92   92   92   92
   92   92   92   92   92   92   92   92   92   92   92   92  108  127  146  164
  180  194  205  213  217  218  216  210  201  189  176  160  144  127  111   95
   92   92   92   92   92   92   92   92   92
    85.0-180.0 180.0   5.0 350.0                            LAT/LON1/LON2/DLON/H
   92   92   92   92   92   92   92   92   92   92   92   92   92   92   92   92
   92   92   92   92   92   92   92   92   92   92   92   92   92   92   92   92
   92   92   92   92   92   92   92   92   92   92   92   92  108  127  146  164
  180  194  205  213  217  218  216  210  201  189  176  160  144  127  111   95
   92   92   92   92   92   92   92   92   92
    82.5-180.0 180.0   5.0 350.0                            LAT/LON1/LON2/DLON/H
   92   92   92   92   92   92   92   92   92   92   92   92   92   92   92   92
   92   92   92   92   92   92   92   92   92   92   92   92   92   92   92   92
   92   92   92   92   92   92   92   92   92   92   92   92  108  127  146  164
  180  194  205  213  217  218  216  210  201  189  176  160  144  127  111   95
   92   92   92   92   92   92   92   92   92
    80.0-180.0 180.0   5.0 350.0                            LAT/LON1/LON2/DLON/H
   92   92   92   92   92   92   92   92   92   92   92   92   92   92   92   92
   92   92   92   92   92   92   92   92   92   92   92   92   92   92   92   92
   92   92   92   92   92   92   92   92   92   92   92   92  108  127  146  164
  180  194  205  213  217  218  216  210  201  189  176  160  144  127  111   95
   92   92   92   92   92   92   92   92   92
    77.5-180.0 180.0   5.0 350.0                            LAT/LON1/LON2/DLON/H
   92   92   92   92   92   92   92   92   92   92   92   92   92   92   92   92
   92   92   92   92   92   92   92   92   92   92   92   92   92   92   92   92
   92   92   92   92   92   92   92   92   92   92   92   92  108  127  146  164
  180  194  205  213  217  218  216  210  201  189  176  160  144  127  111   95
   92   92   92   92   92   92   92   92   92
    75.0-180.0 180.0   5.0 350.0                            LAT/LON1/LON2/DLON/H
   92   92   92   92   92   92   92   92   92   92   92   92   92   92   92   92
   92   92   92   92   92   92   92   92   92   92   92   92   92   92   92   92
   92   92   92   92   92   92   92   92   92   92   92   92  108  127  146  164
  180  194  205  213  217  218  216  210  201  189  176  160  144  127  111   95
   92   92   92   92   92   92   92   92   92
    72.5-180.0 180.0   5.0 350.0                            LAT/LON1/LON2/DLON/H
   92   92   92   92   92   92   92   92   92   92   92   92   92   92   92   92
   92   92   92   92   92   92   92   92   92   92   92   92   92   92   92   92
   92   92   92   92   92   92   92   92   92   96  113  132  152  172  191  209
  224  237  247  253  255  254  249  240  228  213  196  177  156  136  115   96
   92   92   92   92   92   92   92   92   92
    70.0-180.0 180.0   5.0 350.0                            LAT/LON1/LON2/DLON/H
   92   92   92   92   92   92   92   92   92   92   92   92   92   92   92   92
   92   92   92   92   92   92   92   92   92   92   92   92   92   92   92   92
   92   92   92   92   92   92   92  101  117  134  154  175  196  217  236  254
  269  280  288  293  293  289  281  270  255  236  216  193  169  144  120   97
   92   92   92   92   92   92   92   92   92
    67.5-180.0 180.0   5.0 350.0                            LAT/LON1/LON2/DLON/H
   92   92   92   92   92   92   92   92   92   92   92   92   92   92   92   92
   92   92   92   92   92   92   92   92   92   92   92   92   92   92   92   92
   92   92   92   92   94  103  116  131  150  170  192  215  237  259  278  296
  310  321  327  330  328  322  312  297  279  258  234  208  180  152  125   98
   92   92   92   92   92   92   92   92   92
    65.0-180.0 180.0   5.0 350.0                            LAT/LON1/LON2/DLON/H
   92   92   92   92   92   92   92   92   92   92   92   92   92   92   92   92
   92   92   92   92   92   92   92   92   92   92   92   92   92   92   92   92
   92   92   95  101  111  124  140  160  181  205  229  253  276  298  318  335
  349  358  364  365  361  353  340  323  303  278  251  222  191  160  129   98
   92   92   92   92   92   92   92   92   92
    62.5-180.0 180.0   5.0 350.0                            LAT/LON1/LON2/DLON/H
   92   92   92   92   92   92   92   92   92   92   92   92   92   92   92   92
   92   92   92   92   92   92   92   92   92   92   92   92   92   92   92   92
   92   93  101  112  126  143  164  186  211  236  263  288  313  335  355  372
  385  394  398  397  392  382  367  347  324  297  267  235  201  167  132   99
   92   92   92   92   92   92   92   92   92
    60.0-180.0 180.0   5.0 350.0                            LAT/LON1/LON2/DLON/H
   92   92   92   92   92   92   92   92   92   92   92   92   92   92   92   92
   92   92   92   92   92   92   92   92   92   92   92   92   92   92   92   92
   92   94  106  122  140  162  185  211  239  266  294  321  347  370  390  406
  419  426  429  427  420  408  391  370  344  314  282  247  211  173  136  100
   92   92   92   92   92   92   92   92   92
    57.5-180.0 180.0   5.0 350.0                            LAT/LON1/LON2/DLON/H
   92   92   92   92   92   92   92   92   92   92   92   92   92   92   92   92
   92   92   92   92   92   92   92   92   92   92   92   92   92   92   92   92
   92   95  112  131  154  179  206  235  264  294  324  352  378  402  422  438
  450  457  458  455  446  432  414  390  362  330  296  258  219  179  139  100
   92   92   92   92   92   92   92   92   92
    55.0-180.0 180.0   5.0 350.0                            LAT/LON1/LON2/DLON/H
   92   92   92   92   92   92   92   92   92   92   92   92   92   92   92   92
   92   92   92   92   92   92   92   92   92   92   92   92   92   92   92   92
   92   96  117  140  166  195  225  257  289  321  352  381  408  431  452  467
  478  485  485  481  470  455  434  409  379  345  308  268  227  185  142  101
   92   92   92   92   92   92   92   92   92
    52.5-180.0 180.0   5.0 350.0                            LAT/LON1/LON2/DLON/H
   92   92   92   92   92   92   92   92   92   92   92   92   92   92   92   92
   92   92   92   92   92   92   92   92   92   92   92   92   92   92   92   92
   92   97  121  148  178  210  243  277  311  345  377  407  435  459  479  494
  505  510  510  504  492  475  453  426  394  358  319  278  234  190  145  101
   92   92   92   92   92   92   92   92   92
    50.0-180.0 180.0   5.0 350.0                            LAT/LON1/LON2/DLON/H
   92   92   92   92   92   92   92   92   92   92   92   92   92   92   92   92
   92   92   92   92   92   92   92   92   92   92   92   92   92   92   92   92
   92   98  126  156  189  224  260  296  332  367  401  432  460  484  504  519
  529  533  532  525  512  494  470  441  408  370  330  286  241  194  147  102
   92   92   92   92   92   92   92   92   92
    47.5-180.0 180.0   5.0 350.0                            LAT/LON1/LON2/DLON/H
   92   92   92   92   92   92   92   92   92   92   92   92   92   92   92   92
   92   92   92   92   92   92   92   92   92   92   92   92   92   92   92   92
   92   98  130  163  199  237  275  313  351  388  422  454  483  507  527  542
  551  555  552  544  530  510  485  455  420  381  339  294  246  198  150  102
   92   92   92   92   92   92   92   92   92
    45.0-180.0 180.0   5.0 350.0                            LAT/LON1/LON2/DLON/H
   92   92   92   92   92   92   92   92   92   92   92   92   92   92   92   92
   92   92   92   92   92   92   92   92   92   92   92   92   92   92   92   92
   92   99  133  170  209  249  289  329  369  407  442  475  503  528  548  562
  571  574  570  561  546  525  499  467  431  391  347  300  251  202  152  102
   92   92   92   92   92   92   92   92   92
    42.5-180.0 180.0   5.0 350.0                            LAT/LON1/LON2/DLON/H
   92   92   92   92   92   92   92   92   92   92   92   92   92   92   92   92
   92   92   92   92   92   92   92   92   92   92   92   92   92   92   92   92
   92  100  137  176  218  260  302  344  385  424  460  493  522  547  566  580
  588  590  586  576  560  538  511  478  441  399  354  306  256  205  153  103
   92   92   92   92   92   92   92   92   92
    40.0-180.0 180.0   5.0 350.0                            LAT/LON1/LON2/DLON/H
   92   92   92   92   92   92   92   92   92   92   92   92   92   92   92   92
   92   92   92   92   92   92   92   92   92   92   92   92   92   92   92   92
   92  100  140  182  225  270  314  358  400  440  477  510  539  564  583  596
  604  605  601  590  573  555  535  511  483  452  416  375  328  274  214  145
   92   92   92   92   92   92   92   92   92
    37.5-180.0 180.0   5.0 350.0                            LAT/LON1/LON2/DLON/H
   92   92   92   92   92   92   92   92   92   92   92   92   92   92   92   92
   92   92   92   92   92   92   92   92   92   92   92   92   92   92   92   92
   92  101  143  187  233  279  325  370  413  454  491  525  554  578  597  610
  618  619  615  608  598  584  568  550  528  503  475  442  406  364  317  263
  202  133   92   92   92   92   92   92   92
    35.0-180.0 180.0   5.0 350.0                            LAT/LON1/LON2/DLON/H
   92   92   92   92   92   92   92   92   92   92   92   92   92   92   92   92
   92   92   92   92   92   92   92   92   92   92   92   92   92   92   92   92
   92  101  146  192  239  287  334  380  425  466  504  538  567  592  611  623
  629  631  628  623  615  604  591  576  558  537  514  487  457  423  385  341
  292  237  175  106   92   92   92   92   92
    32.5-180.0 180.0   5.0 350.0                            LAT/LON1/LON2/DLON/H
   92   92   92   92   92   92   92   92   92   92   92   92   92   92   92   92
   92   92   92   92   92   92   92   92   92   92   92   92   92   92   92   92
   92  102  148  196  245  294  343  390  435  477  515  554  588  610  625  634
  639  640  638  634  627  618  607  594  578  561  540  518  492  464  431  395
  355  309  258  201  138   92   92   92   92
    30.0-180.0 180.0   5.0 350.0                            LAT/LON1/LON2/DLON/H
   92   92   92   92   92   92   92   92   92   92   92   92   92   92   92   92
   92   92   92   92   92   92   92   92   92   92   92   92   92   92   92   92
   92  102  150  200  250  301  351  399  444  505  550  584  608  625  636  643
  647  648  646  643  636  628  619  607  593  577  560  540  517  492  465  434
  399  361  318  270  217  159   94   92   92
    27.5-180.0 180.0   5.0 350.0                            LAT/LON1/LON2/DLON/H
   92   92   92   92   92   92   92   92   92   92   92   92   92   92   92   92
   92   92   92   92   92   92   92   92   92   92   92   92   92   92   92   92
   92  102  152  203  255  307  374  447  503  546  579  604  622  635  645  651
  654  654  653  649  643  636  627  616  603  589  573  555  535  513  489  461
  431  398  361  321  276  226  171  111   92
    25.0-180.0 180.0   5.0 350.0                            LAT/LON1/LON2/DLON/H
  121   92   92   92   92   92   92   92   92   92   92   92   92   92   92   92
   92   92   92   92   92   92   92   92   92   92   92   92   92   92   92   92
   92  103  154  211  306  385  449  500  541  573  598  618  633  644  651  656
  658  659  657  653  648  641  632  622  611  597  583  566  548  528  506  481
  455  425  393  358  319  276  229  177  121
    22.5-180.0 180.0   5.0 350.0                            LAT/LON1/LON2/DLON/H
  179  126   92   92   92   92   92   92   92   92   92   92   92   92   92   92
   92   92   92   92   92   92   92   92   92   92   92   92   92   92   92   92
   92  156  245  325  392  449  496  535  567  592  612  628  640  650  656  660
  662  661  659  656  651  644  636  626  615  603  589  573  556  538  518  496
  471  445  416  385  351  313  272  227  179
    20.0-180.0 180.0   5.0 350.0                            LAT/LON1/LON2/DLON/H
  223  177  127   92   92   92   92   92   92   92   92   92   92   92   92   92
   92   92   92   92   92   92   92   92   92   92   92   92   92   92   92  115
  195  270  337  397  448  492  528  559  585  605  622  636  646  654  659  662
  663  663  660  657  652  645  637  628  617  605  592  578  562  544  526  505
  483  459  433  405  374  341  304  265  223
    17.5-180.0 180.0   5.0 350.0                            LAT/LON1/LON2/DLON/H
  256  215  171  125   92   92   92   92   92   92   92   92   92   92   92   92
   92   92   92   92   92   92   92   92   92   92   92   92   92   92  158  225
  288  346  399  445  486  521  551  576  598  615  629  641  650  656  660  663
  663  663  660  656  651  644  636  627  617  606  593  579  564  548  530  511
  491  469  445  419  391  361  328  293  256
    15.0-180.0 180.0   5.0 350.0                            LAT/LON1/LON2/DLON/H
  280  244  205  164  120   92   92   92   92   92   92   92   92   92   92   92
   92   92   92   92   92   92   92   92   92   92   92   92  132  190  246  301
  352  399  441  479  513  542  567  588  607  622  634  644  651  657  660  662
  662  661  658  654  649  642  634  626  615  604  592  579  564  549  532  514
  495  474  452  428  403  375  346  314  280
    12.5-180.0 180.0   5.0 350.0                            LAT/LON1/LON2/DLON/H
  298  265  230  193  154  113   92   92   92   92   92   92   92   92   92   92
   92   92   92   92   92   92   92   92   92   92  117  164  213  262  309  355
  397  436  472  504  532  557  578  597  613  626  636  645  651  656  659  660
  660  658  655  651  645  639  631  622  612  601  589  576  563  548  532  514
  496  477  456  434  410  385  358  329  298
    10.0-180.0 180.0   5.0 350.0                            LAT/LON1/LON2/DLON/H
  311  281  249  215  180  143  104   92   92   92   92   92   92   92   92   92
   92   92   92   92   92   92   92   92  107  147  188  230  273  315  355  394
  430  463  494  521  546  567  586  602  616  628  637  644  650  654  656  657
  656  654  651  646  640  634  626  617  607  597  585  572  559  544  529  512
  495  477  457  436  414  390  366  339  311
     7.5-180.0 180.0   5.0 350.0                            LAT/LON1/LON2/DLON/H
  319  291  262  231  199  165  130   93   92   92   92   92   92   92   92   92
   92   92   92   92   92   92  101  134  168  204  241  279  317  353  389  422
  454  483  509  533  555  574  591  605  617  628  636  642  647  650  652  652
  651  649  645  640  634  628  620  611  601  591  579  567  553  539  524  509
  492  474  455  436  415  393  369  345  319
     5.0-180.0 180.0   5.0 350.0                            LAT/LON1/LON2/DLON/H
  323  297  270  242  212  181  149  115   92   92   92   92   92   92   92   92
   92   92   92   92   95  122  151  182  214  248  282  315  349  382  413  443
  471  497  520  542  561  578  593  606  617  626  633  639  643  645  646  646
  645  642  638  633  627  620  612  604  594  583  572  560  547  533  518  503
  487  470  452  433  413  392  370  347  323
     2.5-180.0 180.0   5.0 350.0                            LAT/LON1/LON2/DLON/H
  324  300  275  248  221  192  162  131  100   92   92   92   92   92   92   92
   92   92   92  109  134  161  190  219  249  280  312  343  373  402  431  457
  483  506  527  547  564  579  593  605  614  622  629  634  637  639  640  639
  638  635  630  625  619  612  604  595  585  575  564  551  539  525  511  496
  480  464  446  428  409  389  368  347  324
