gLAB/files/quiet/15_02_2014/ckmg0460.14i
     1.0            IONOSPHERE MAPS     GNSS                IONEX VERSION / TYPE
BIMINX V5.3         AIUB                20-FEB-14 07:27     PGM / RUN BY / DATE 
CODE'S KLOBUCHAR-STYLE IONOSPHERE MODEL FOR DAY 046, 2014   COMMENT             
  2014     2    15     0     0     0                        EPOCH OF FIRST MAP  
  2014     2    16     0     0     0                        EPOCH OF LAST MAP   
  7200                                                      INTERVAL            
    13                                                      # OF MAPS IN FILE   
  NONE                                                      MAPPING FUNCTION    
     0.0                                                    ELEVATION CUTOFF    
                                                            OBSERVABLES USED    
  6371.0                                                    BASE RADIUS         
     2                                                      MAP DIMENSION       
   350.0 350.0   0.0                                        HGT1 / HGT2 / DHGT  
    87.5 -87.5  -2.5                                        LAT1 / LAT2 / DLAT  
  -180.0 180.0   5.0                                        LON1 / LON2 / DLON  
    -1                                                      EXPONENT            
TEC/RMS values in 0.1 TECU; 9999, if no value available     COMMENT             
                                                            END OF HEADER       
[from data line 1716]
     5                                                      START OF TEC MAP    
  2014     2    15     8     0     0                        EPOCH OF CURRENT MAP
    87.5-180.0 180.0   5.0 350.0                            LAT/LON1/LON2/DLON/H
   92   92   92   92   92   92   92   92   92   92   92   92   92   92   92   92
   92   92   92   92   92   92   92   92   92   92   92   92   92   92   92   92
   92   92   92   92   92   92   92   92   92   92   92   92  101  114  129  146
  163  180  197  213  226  237  245  249  251  249  244  236  225  211  196  180
  163  146  130  116  103   94   92   92   92
    85.0-180.0 180.0   5.0 350.0                            LAT/LON1/LON2/DLON/H
   92   92   92   92   92   92   92   92   92   92   92   92   92   92   92   92
   92   92   92   92   92   92   92   92   92   92   92   92   92   92   92   92
   92   92   92   92   92   92   92   92   92   92   92   92  101  114  129  146
  163  180  197  213  226  237  245  249  251  249  244  236  225  211  196  180
  163  146  130  116  103   94   92   92   92
    82.5-180.0 180.0   5.0 350.0                            LAT/LON1/LON2/DLON/H
   92   92   92   92   92   92   92   92   92   92   92   92   92   92   92   92
   92   92   92   92   92   92   92   92   92   92   92   92   92   92   92   92
   92   92   92   92   92   92   92   92   92   92   92   92  101  114  129  146
  163  180  197  213  226  237  245  249  251  249  244  236  225  211  196  180
  163  146  130  116  103   94   92   92   92
    80.0-180.0 180.0   5.0 350.0                            LAT/LON1/LON2/DLON/H
   92   92   92   92   92   92   92   92   92   92   92   92   92   92   92   92
   92   92   92   92   92   92   92   92   92   92   92   92   92   92   92   92
   92   92   92   92   92   92   92   92   92   92   92   92  101  114  129  146
  163  180  197  213  226  237  245  249  251  249  244  236  225  211  196  180
  163  146  130  116  103   94   92   92   92
    77.5-180.0 180.0   5.0 350.0                            LAT/LON1/LON2/DLON/H
   92   92   92   92   92   92   92   92   92   92   92   92   92   92   92   92
   92   92   92   92   92   92   92   92   92   92   92   92   92   92   92   92
   92   92   92   92   92   92   92   92   92   92   92   92  101  114  129  146
  163  180  197  213  226  237  245  249  251  249  244  236  225  211  196  180
  163  146  130  116  103   94   92   92   92
    75.0-180.0 180.0   5.0 350.0                            LAT/LON1/LON2/DLON/H
   92   92   92   92   92   92   92   92   92   92   92   92   92   92   92   92
   92   92   92   92   92   92   92   92   92   92   92   92   92   92   92   92
   92   92   92   92   92   92   92   92   92   92   92   92  101  114  129  146
  163  180  197  213  226  237  245  249  251  249  244  236  225  211  196  180
  163  146  130  116  103   94   92   92   92
    72.5-180.0 180.0   5.0 350.0                            LAT/LON1/LON2/DLON/H
   92   92   92   92   92   92   92   92   92   92   92   92   92   92   92   92
   92   92   92   92   92   92   92   92   92   92   92   92   92   92   92   92
   92   92   92   92   92   92   92   92   92   93  100  111  125  142  160  179
  199  218  237  253  267  278  286  290  290  287  280  270  257  241  223  204
  184  163  143  125  109   95   92   92   92
    70.0-180.0 180.0   5.0 350.0                            LAT/LON1/LON2/DLON/H
   92   92   92   92   92   92   92   92   92   92   92   92   92   92   92   92
   92   92   92   92   92   92   92   92   92   92   92   92   92   92   92   92
   92   92   92   92   92   92   92   93   97  105  116  131  149  169  191  213
  235  256  275  293  307  318  326  330  329  325  317  305  289  271  250  228
  204  180  157  134  114   96   92   92   92
    67.5-180.0 180.0   5.0 350.0                            LAT/LON1/LON2/DLON/H
   92   92   92   92   92   92   92   92   92   92   92   92   92   92   92   92
   92   92   92   92   92   92   92   92   92   92   92   92   92   92   92   92
   92   92   92   92   92   92   92   94  102  115  131  150  172  195  220  244
  268  291  312  330  345  356  364  367  366  360  350  337  319  299  275  250
  224  196  169  143  119   97   92   92   92
    65.0-180.0 180.0   5.0 350.0                            LAT/LON1/LON2/DLON/H
   92   92   92   92   92   92   92   92   92   92   92   92   92   92   92   92
   92   92   92   92   92   92   92   92   92   92   92   92   92   92   92   92
   92   92   92   92   92   92   92   95  108  125  145  168  193  220  247  274
  300  324  346  365  380  392  399  401  399  393  382  366  347  324  299  271
  242  211  181  151  123   97   92   92   92
    62.5-180.0 180.0   5.0 350.0                            LAT/LON1/LON2/DLON/H
   92   92   92   92   92   92   92   92   92   92   92   92   92   92   92   92
   92   92   92   92   92   92   92   92   92   92   92   92   92   92   92   92
   92   92   92   92   92   92   92   96  113  134  158  185  213  243  272  301
  329  355  378  397  413  425  431  434  431  423  411  394  373  348  321  290
  258  225  192  159  127   98   92   92   92
    60.0-180.0 180.0   5.0 350.0                            LAT/LON1/LON2/DLON/H
   92   92   92   92   92   92   92   92   92   92   92   92   92   92   92   92
   92   92   92   92   92   92   92   92   92   92   92   92   92   92   92   92
   92   92   92   92   92   92   92   96  118  143  171  201  232  264  296  327
  356  383  407  427  443  455  462  463  460  451  438  420  397  371  341  308
  274  238  202  166  131   99   92   92   92
    57.5-180.0 180.0   5.0 350.0                            LAT/LON1/LON2/DLON/H
   92   92   92   92   92   92   92   92   92   92   92   92   92   92   92   92
   92   92   92   92   92   92   92   92   92   92   92   92   92   92   92   92
   92   92   92   92   92   92   92   97  123  151  182  215  249  284  318  351
  381  410  434  455  471  483  489  491  486  477  462  443  419  391  359  325
  288  250  211  172  135   99   92   92   92
    55.0-180.0 180.0   5.0 350.0                            LAT/LON1/LON2/DLON/H
   92   92   92   92   92   92   92   92   92   92   92   92   92   92   92   92
   92   92   92   92   92   92   92   92   92   92   92   92   92   92   92   92
   92   92   92   92   92   92   92   98  127  159  193  229  266  302  338  373
  405  434  459  481  497  509  515  516  511  501  485  464  439  410  376  340
  301  261  219  178  138  100   92   92   92
    52.5-180.0 180.0   5.0 350.0                            LAT/LON1/LON2/DLON/H
   92   92   92   92   92   92   92   92   92   92   92   92   92   92   92   92
   92   92   92   92   92   92   92   92   92   92   92   92   92   92   92   92
   92   92   92   92   92   92   92   99  131  166  203  241  280  319  357  393
  426  456  482  504  521  532  538  538  533  522  506  484  457  426  392  354
  313  271  227  184  141  100   92   92   92
    50.0-180.0 180.0   5.0 350.0                            LAT/LON1/LON2/DLON/H
   92   92   92   92   92   92   92   92   92   92   92   92   92   92   92   92
   92   92   92   92   92   92   92   92   92   92   92   92   92   92   92   92
   92   92   92   92   92   92   92   99  134  172  212  253  294  335  374  411
  446  476  503  525  542  553  559  559  553  542  524  502  474  442  406  366
  324  280  234  189  144  101   92   92   92
    47.5-180.0 180.0   5.0 350.0                            LAT/LON1/LON2/DLON/H
   92   92   92   92   92   92   92   92   92   92   92   92   92   92   92   92
   92   92   92   92   92   92   92   92   92   92   92   92   92   92   92   92
   92   92   92   92   92   92   92  100  138  178  221  264  307  349  390  428
  463  495  522  544  561  572  578  578  571  559  541  517  489  456  418  377
  334  288  241  193  147  101   92   92   92
    45.0-180.0 180.0   5.0 350.0                            LAT/LON1/LON2/DLON/H
   92   92   92   92   92   92   92   92   92   92   92   92   92   92   92   92
   92   92   92   92   92   92   92   92   92   92   92   92   92   92   92   92
   92   92   92   92   92   92   92  100  141  184  228  273  318  362  404  443
  479  511  539  561  578  590  595  594  587  574  556  531  502  468  429  387
  342  295  247  198  149  102   92   92   92
    42.5-180.0 180.0   5.0 350.0                            LAT/LON1/LON2/DLON/H
   92   92   92   92   92   92   92   92   92   92   92   92   92   92   92   92
   92   92   92   92   92   92   92   92   92   92   92   92   92   92   92   92
   92   92   92   92   92   92   92  101  144  189  235  282  328  374  417  457
  494  526  554  576  593  605  610  609  601  588  569  544  514  479  439  396
  350  302  252  201  151  102   92   92   92
    40.0-180.0 180.0   5.0 350.0                            LAT/LON1/LON2/DLON/H
   92   92   92   92   92   92   92   92   92   92   92   92   92   92   92   92
   92   92   92   92   92   92   92   92   92   92   92   92   92   92   92   92
   92   92   92   92   92   92   92  101  146  193  242  290  338  384  428  469
  506  539  567  590  607  618  622  622  616  605  590  570  545  513  473  425
  366  307  256  204  153  102   92   92   92
    37.5-180.0 180.0   5.0 350.0                            LAT/LON1/LON2/DLON/H
   92   92   92   92   92   92   92   92   92   92   92   92   92   92   92   92
   92   92   92   92   92   92   92   92   92   92   92   92   92   92   92   92
   92   92   92   92   92   92   92  102  149  198  247  297  346  393  438  480
  517  557  587  608  622  630  633  633  629  621  609  594  575  551  522  487
  444  393  331  256  168  103   92   92   92
    35.0-180.0 180.0   5.0 350.0                            LAT/LON1/LON2/DLON/H
   92   92   92   92   92   92   92   92   92   92   92   92   92   92   92   92
   92   92   92   92   92   92   92   92   92   92   92   92   92   92   92   92
   92   92   92   92   92   92   92  102  151  201  252  303  353  401  465  517
  556  586  607  623  633  640  643  642  639  633  623  611  596  576  553  526
  493  454  408  353  287  210  120   92   92
    32.5-180.0 180.0   5.0 350.0                            LAT/LON1/LON2/DLON/H
   92   92   92   92   92   92   92   92   92   92   92   92   92   92   92   92
   92   92   92   92   92   92   92   92   92   92   92   92   92   92   92   92
   92   92   92   92   92   92   92  102  153  204  257  328  407  469  517  554
  583  605  622  634  643  648  650  650  647  641  634  623  610  594  575  553
  526  495  458  415  365  306  237  157   92
    30.0-180.0 180.0   5.0 350.0                            LAT/LON1/LON2/DLON/H
  182  101   92   92   92   92   92   92   92   92   92   92   92   92   92   92
   92   92   92   92   92   92   92   92   92   92   92   92   92   92   92   92
   92   92   92   92   92   92   92  103  154  256  343  413  469  514  550  579
  601  619  632  643  650  654  656  655  653  648  641  632  621  607  591  572
  549  523  493  458  418  371  316  254  182
    27.5-180.0 180.0   5.0 350.0                            LAT/LON1/LON2/DLON/H
  263  198  124   92   92   92   92   92   92   92   92   92   92   92   92   92
   92   92   92   92   92   92   92   92   92   92   92   92   92   92   92   92
   92   92   92   92   92   92   92  186  276  353  416  467  510  545  573  596
  614  629  640  649  655  658  660  659  657  653  647  638  628  616  602  585
  566  544  518  489  455  416  372  321  263
    25.0-180.0 180.0   5.0 350.0                            LAT/LON1/LON2/DLON/H
  322  268  207  140   92   92   92   92   92   92   92   92   92   92   92   92
   92   92   92   92   92   92   92   92   92   92   92   92   92   92   92   92
   92   92   92   92   92  121  211  290  358  415  464  504  538  566  589  608
  624  636  646  653  658  661  662  662  660  656  650  642  633  622  610  595
  578  558  536  510  481  449  412  369  322
    22.5-180.0 180.0   5.0 350.0                            LAT/LON1/LON2/DLON/H
  364  319  268  212  151   92   92   92   92   92   92   92   92   92   92   92
   92   92   92   92   92   92   92   92   92   92   92   92   92   92   92   92
   92   92   92   92  150  228  298  360  413  458  497  530  558  581  601  617
  630  641  650  656  660  663  664  663  661  657  651  645  636  626  614  601
  586  568  548  526  501  472  440  404  364
    20.0-180.0 180.0   5.0 350.0                            LAT/LON1/LON2/DLON/H
  395  356  313  266  214  157   96   92   92   92   92   92   92   92   92   92
   92   92   92   92   92   92   92   92   92   92   92   92   92   92   92   92
   92   92   98  172  241  303  359  408  451  488  521  548  572  592  609  623
  635  644  651  657  660  663  663  662  660  656  651  645  637  628  617  605
  590  575  557  537  514  489  461  430  395
    17.5-180.0 180.0   5.0 350.0                            LAT/LON1/LON2/DLON/H
  418  384  347  306  261  212  159  103   92   92   92   92   92   92   92   92
   92   92   92   92   92   92   92   92   92   92   92   92   92   92   92   92
   92  123  188  249  306  357  402  443  479  510  538  561  582  599  614  626
  637  645  651  656  659  661  661  660  658  654  650  644  636  627  617  606
  593  578  562  544  523  501  476  448  418
    15.0-180.0 180.0   5.0 350.0                            LAT/LON1/LON2/DLON/H
  434  404  371  335  296  253  208  159  107   92   92   92   92   92   92   92
   92   92   92   92   92   92   92   92   92   92   92   92   92   92   92   92
  143  200  254  305  352  395  434  468  499  526  550  570  588  604  617  628
  637  644  650  654  657  658  658  657  655  651  647  641  634  625  616  605
  593  579  564  548  529  509  486  461  434
    12.5-180.0 180.0   5.0 350.0                            LAT/LON1/LON2/DLON/H
  445  418  389  357  322  285  244  201  156  109   92   92   92   92   92   92
   92   92   92   92   92   92   92   92   92   92   92   92   92   92  105  157
  207  256  303  346  386  423  456  486  513  537  558  576  592  606  617  627
  635  642  647  651  653  654  654  653  650  647  642  637  630  622  613  603
  591  578  564  549  532  513  493  470  445
    10.0-180.0 180.0   5.0 350.0                            LAT/LON1/LON2/DLON/H
  452  428  401  373  341  308  272  234  193  151  107   92   92   92   92   92
   92   92   92   92   92   92   92   92   92   92   92   92   92  121  166  212
  256  299  339  377  411  444  473  499  523  544  562  579  593  606  616  625
  632  638  643  646  648  649  649  647  645  641  637  631  624  617  608  599
  588  576  562  548  532  515  496  475  452
     7.5-180.0 180.0   5.0 350.0                            LAT/LON1/LON2/DLON/H
  456  434  409  383  355  325  292  258  222  184  144  104   92   92   92   92
   92   92   92   92   92   92   92   92   92   92   92   92  132  172  213  253
  293  330  366  399  430  458  484  507  529  548  564  579  592  604  613  621
  628  633  637  640  642  642  642  640  638  634  630  624  618  611  602  593
  583  571  559  545  530  514  496  477  456
     5.0-180.0 180.0   5.0 350.0                            LAT/LON1/LON2/DLON/H
  457  436  414  390  364  336  307  275  243  208  172  136   98   92   92   92
   92   92   92   92   92   92   92   92   92   92  102  138  175  212  249  285
  320  353  385  415  442  468  491  512  532  549  564  578  590  600  609  616
  622  627  631  633  635  635  634  633  630  626  622  617  610  603  595  586
  576  565  553  540  526  511  494  476  457
     2.5-180.0 180.0   5.0 350.0                            LAT/LON1/LON2/DLON/H
  455  436  415  393  369  343  316  288  258  226  193  160  125   92   92   92
   92   92   92   92   92   92   92   92   92  108  140  174  207  241  275  308
  340  370  399  426  451  474  495  515  532  548  562  575  586  595  603  610
  616  620  623  625  626  627  626  624  621  618  613  608  602  595  587  578
  568  558  546  534  520  506  490  473  455
