gLAB/files/quiet/15_02_2014/ckmg0460.14i
     1.0            IONOSPHERE MAPS     GNSS                IONEX VERSION / TYPE
BIMINX V5.3         AIUB                20-FEB-14 07:27     PGM / RUN BY / DATE 
CODE'S KLOBUCHAR-STYLE IONOSPHERE MODEL FOR DAY 046, 2014   COMMENT             
  2014     2    15     0     0     0                        EPOCH OF FIRST MAP  
  2014     2    16     0     0     0                        EPOCH OF LAST MAP   
  7200                                                      INTERVAL            
    13                                                      # OF MAPS IN FILE   
  NONE                                                      MAPPING FUNCTION    
     0.0                                                    ELEVATION CUTOFF    
                                                            OBSERVABLES USED    
  6371.0                                                    BASE RADIUS         
     2                                                      MAP DIMENSION       
   350.0 350.0   0.0                                        HGT1 / HGT2 / DHGT  
    87.5 -87.5  -2.5                                        LAT1 / LAT2 / DLAT  
  -180.0 180.0   5.0                                        LON1 / LON2 / DLON  
    -1                                                      EXPONENT            
TEC/RMS values in 0.1 TECU; 9999, if no value available     COMMENT             
                                                            END OF HEADER       
[from data line 1287]
     4                                                      START OF TEC MAP    
  2014     2    15     6     0     0                        EPOCH OF CURRENT MAP
    87.5-180.0 180.0   5.0 350.0                            LAT/LON1/LON2/DLON/H
  100   93   92   92   92   92   92   92   92   92   92   92   92   92   92   92
   92   92   92   92   92   92   92   92   92   92   92   92   92   92   92   92
   92   92   92   92   92   92   92   92   92   92   92   92   92   93   99  108
  120  134  150  167  184  200  216  229  240  249  255  257  256  251  244  233
  221  206  189  172  155  139  123  110  100
    85.0-180.0 180.0   5.0 350.0                            LAT/LON1/LON2/DLON/H
  100   93   92   92   92   92   92   92   92   92   92   92   92   92   92   92
   92   92   92   92   92   92   92   92   92   92   92   92   92   92   92   92
   92   92   92   92   92   92   92   92   92   92   92   92   92   93   99  108
  120  134  150  167  184  200  216  229  240  249  255  257  256  251  244  233
  221  206  189  172  155  139  123  110  100
    82.5-180.0 180.0   5.0 350.0                            LAT/LON1/LON2/DLON/H
  100   93   92   92   92   92   92   92   92   92   92   92   92   92   92   92
   92   92   92   92   92   92   92   92   92   92   92   92   92   92   92   92
   92   92   92   92   92   92   92   92   92   92   92   92   92   93   99  108
  120  134  150  167  184  200  216  229  240  249  255  257  256  251  244  233
  221  206  189  172  155  139  123  110  100
    80.0-180.0 180.0   5.0 350.0                            LAT/LON1/LON2/DLON/H
  100   93   92   92   92   92   92   92   92   92   92   92   92   92   92   92
   92   92   92   92   92   92   92   92   92   92   92   92   92   92   92   92
   92   92   92   92   92   92   92   92   92   92   92   92   92   93   99  108
  120  134  150  167  184  200  216  229  240  249  255  257  256  251  244  233
  221  206  189  172  155  139  123  110  100
    77.5-180.0 180.0   5.0 350.0                            LAT/LON1/LON2/DLON/H
  100   93   92   92   92   92   92   92   92   92   92   92   92   92   92   92
   92   92   92   92   92   92   92   92   92   92   92   92   92   92   92   92
   92   92   92   92   92   92   92   92   92   92   92   92   92   93   99  108
  120  134  150  167  184  200  216  229  240  249  255  257  256  251  244  233
  221  206  189  172  155  139  123  110  100
    75.0-180.0 180.0   5.0 350.0                            LAT/LON1/LON2/DLON/H
  100   93   92   92   92   92   92   92   92   92   92   92   92   92   92   92
   92   92   92   92   92   92   92   92   92   92   92   92   92   92   92   92
   92   92   92   92   92   92   92   92   92   92   92   92   92   93   99  108
  120  134  150  167  184  200  216  229  240  249  255  257  256  251  244  233
  221  206  189  172  155  139  123  110  100
    72.5-180.0 180.0   5.0 350.0                            LAT/LON1/LON2/DLON/H
  115  104   96   93   92   92   92   92   92   92   92   92   92   92   92   92
   92   92   92   92   92   92   92   92   92   92   92   92   92   92   92   92
   92   92   92   92   92   92   92   92   92   92   92   92   92   94  104  118
  134  152  172  192  212  231  249  264  277  287  294  297  296  292  284  273
  259  242  224  205  185  165  147  130  115
    70.0-180.0 180.0   5.0 350.0                            LAT/LON1/LON2/DLON/H
  130  115  102   94   92   92   92   92   92   92   92   92   92   92   92   92
   92   92   92   92   92   92   92   92   92   92   92   92   92   92   92   92
   92   92   92   92   92   92   92   92   92   92   92   92   92   95  110  127
  148  170  193  216  239  261  281  299  314  325  332  336  336  331  323  311
  296  278  258  237  214  191  169  149  130
    67.5-180.0 180.0   5.0 350.0                            LAT/LON1/LON2/DLON/H
  144  125  108   95   92   92   92   92   92   92   92   92   92   92   92   92
   92   92   92   92   92   92   92   92   92   92   92   92   92   92   92   92
   92   92   92   92   92   92   92   92   92   92   92   92   92   96  115  137
  161  186  213  239  265  290  312  331  348  360  369  373  373  368  360  347
  331  312  290  267  242  216  191  167  144
    65.0-180.0 180.0   5.0 350.0                            LAT/LON1/LON2/DLON/H
  158  134  113   95   92   92   92   92   92   92   92   92   92   92   92   92
   92   92   92   92   92   92   92   92   92   92   92   92   92   92   92   92
   92   92   92   92   92   92   92   92   92   92   92   92   92   97  120  145
  173  202  232  261  289  316  340  361  379  393  402  407  407  403  394  381
  364  344  320  295  267  239  211  184  158
    62.5-180.0 180.0   5.0 350.0                            LAT/LON1/LON2/DLON/H
  170  143  118   96   92   92   92   92   92   92   92   92   92   92   92   92
   92   92   92   92   92   92   92   92   92   92   92   92   92   92   92   92
   92   92   92   92   92   92   92   92   92   92   92   92   92   97  124  153
  184  217  249  281  312  341  367  389  408  423  433  439  439  435  426  412
  394  373  348  321  291  261  230  199  170
    60.0-180.0 180.0   5.0 350.0                            LAT/LON1/LON2/DLON/H
  182  151  122   97   92   92   92   92   92   92   92   92   92   92   92   92
   92   92   92   92   92   92   92   92   92   92   92   92   92   92   92   92
   92   92   92   92   92   92   92   92   92   92   92   92   92   98  128  161
  195  230  265  300  333  363  391  415  436  451  462  468  469  465  455  441
  423  400  374  345  314  281  247  214  182
    57.5-180.0 180.0   5.0 350.0                            LAT/LON1/LON2/DLON/H
  192  158  127   98   92   92   92   92   92   92   92   92   92   92   92   92
   92   92   92   92   92   92   92   92   92   92   92   92   92   92   92   92
   92   92   92   92   92   92   92   92   92   92   92   92   92   99  132  168
  205  242  280  317  352  384  414  439  460  477  489  495  496  492  482  468
  448  425  398  367  334  299  264  228  192
    55.0-180.0 180.0   5.0 350.0                            LAT/LON1/LON2/DLON/H
  202  166  131   99   92   92   92   92   92   92   92   92   92   92   92   92
   92   92   92   92   92   92   92   92   92   92   92   92   92   92   92   92
   92   92   92   92   92   92   92   92   92   92   92   92   92   99  136  174
  214  254  294  333  369  404  434  461  483  501  513  520  521  517  507  492
  472  448  420  388  353  317  279  240  202
    52.5-180.0 180.0   5.0 350.0                            LAT/LON1/LON2/DLON/H
  212  172  134   99   92   92   92   92   92   92   92   92   92   92   92   92
   92   92   92   92   92   92   92   92   92   92   92   92   92   92   92   92
   92   92   92   92   92   92   92   92   92   92   92   92   92  100  139  180
  222  264  306  347  385  421  453  481  504  522  535  542  544  539  530  514
  494  469  440  407  371  332  293  252  212
    50.0-180.0 180.0   5.0 350.0                            LAT/LON1/LON2/DLON/H
  220  178  138  100   92   92   92   92   92   92   92   92   92   92   92   92
   92   92   92   92   92   92   92   92   92   92   92   92   92   92   92   92
   92   92   92   92   92   92   92   92   92   92   92   92   92  101  142  185
  230  274  318  360  400  437  470  499  523  542  555  562  564  560  550  535
  514  488  458  424  387  347  305  263  220
    47.5-180.0 180.0   5.0 350.0                            LAT/LON1/LON2/DLON/H
  228  184  141  100   92   92   92   92   92   92   92   92   92   92   92   92
   92   92   92   92   92   92   92   92   92   92   92   92   92   92   92   92
   92   92   92   92   92   92   92   92   92   92   92   92   92  101  145  190
  236  283  328  372  413  451  485  515  540  559  573  581  582  578  568  553
  532  505  475  440  401  360  317  273  228
    45.0-180.0 180.0   5.0 350.0                            LAT/LON1/LON2/DLON/H
  235  189  144  101   92   92   92   92   92   92   92   92   92   92   92   92
   92   92   92   92   92   92   92   92   92   92   92   92   92   92   92   92
   92   92   92   92   92   92   92   92   92   92   92   92   92  101  147  195
  243  291  338  383  425  464  499  529  555  574  588  597  599  595  585  569
  547  521  489  454  414  372  327  281  235
    42.5-180.0 180.0   5.0 350.0                            LAT/LON1/LON2/DLON/H
  241  193  146  101   92   92   92   92   92   92   92   92   92   92   92   92
   92   92   92   92   92   92   92   92   92   92   92   92   92   92   92   92
   92   92   92   92   92   92   92   92   92   92   92   92   92  102  149  198
  248  298  346  392  435  475  511  542  568  588  602  611  613  609  599  583
  561  534  502  466  426  382  337  289  241
    40.0-180.0 180.0   5.0 350.0                            LAT/LON1/LON2/DLON/H
  247  197  149  102   92   92   92   92   92   92   92   92   92   92   92   92
   92   92   92   92   92   92   92   92   92   92   92   92   92   92   92   92
   92   92   92   92   92   92   92   92   92   92   92   92   92  102  151  202
  253  304  353  400  445  495  535  565  588  605  617  624  625  622  613  598
  575  546  514  477  436  392  345  296  247
    37.5-180.0 180.0   5.0 350.0                            LAT/LON1/LON2/DLON/H
  252  201  151  102   92   92   92   92   92   92   92   92   92   92   92   92
   92   92   92   92   92   92   92   92   92   92   92   92   92   92   92   92
   92   92   92   92   92   92   92   92   92   92   92   92   92  103  153  205
  257  337  405  460  505  540  568  591  608  621  630  635  636  633  627  616
  599  576  546  505  451  400  352  303  252
    35.0-180.0 180.0   5.0 350.0                            LAT/LON1/LON2/DLON/H
  256  204  153  102   92   92   92   92   92   92   92   92   92   92   92   92
   92   92   92   92   92   92   92   92   92   92   92   92   92   92   92   92
   92   92   92   92   92   92   92   92   92   92   92   92   92  103  197  285
  359  419  468  509  542  569  591  609  622  633  640  644  645  643  637  629
  616  598  576  546  508  460  397  318  256
    32.5-180.0 180.0   5.0 350.0                            LAT/LON1/LON2/DLON/H
  338  251  154  103   92   92   92   92   92   92   92   92   92   92   92   92
   92   92   92   92   92   92   92   92   92   92   92   92   92   92   92   92
   92   92   92   92   92   92   92   92   92   92   92   92  136  228  306  371
  426  471  509  541  567  589  607  621  633  641  647  651  652  650  646  638
  628  614  596  573  544  508  463  407  338
    30.0-180.0 180.0   5.0 350.0                            LAT/LON1/LON2/DLON/H
  412  349  273  182   92   92   92   92   92   92   92   92   92   92   92   92
   92   92   92   92   92   92   92   92   92   92   92   92   92   92   92   92
   92   92   92   92   92   92   92   92   92   92   92  167  248  318  377  428
  471  507  537  563  585  603  619  631  641  648  653  656  657  656  652  646
  637  626  611  592  569  541  506  464  412
    27.5-180.0 180.0   5.0 350.0                            LAT/LON1/LON2/DLON/H
  461  413  356  288  208  115   92   92   92   92   92   92   92   92   92   92
   92   92   92   92   92   92   92   92   92   92   92   92   92   92   92   92
   92   92   92   92   92   92   92   92   92  106  188  261  324  379  426  467
  502  532  557  579  598  614  627  638  646  653  657  660  661  660  656  651
  644  634  621  605  586  563  535  501  461
    25.0-180.0 180.0   5.0 350.0                            LAT/LON1/LON2/DLON/H
  495  457  411  358  296  225  144   92   92   92   92   92   92   92   92   92
   92   92   92   92   92   92   92   92   92   92   92   92   92   92   92   92
   92   92   92   92   92   92   92   92  127  201  267  326  377  422  461  495
  524  550  572  591  607  621  632  642  650  656  660  662  663  662  659  655
  648  640  629  615  599  579  556  528  495
    22.5-180.0 180.0   5.0 350.0                            LAT/LON1/LON2/DLON/H
  519  487  450  407  358  301  236  164   92   92   92   92   92   92   92   92
   92   92   92   92   92   92   92   92   92   92   92   92   92   92   92   92
   92   92   92   92   92   92   92  143  210  270  325  373  415  453  486  515
  540  562  582  598  613  625  636  644  651  657  661  663  664  663  660  656
  651  643  633  622  607  590  570  547  519
    20.0-180.0 180.0   5.0 350.0                            LAT/LON1/LON2/DLON/H
  537  509  478  442  401  355  302  244  179  109   92   92   92   92   92   92
   92   92   92   92   92   92   92   92   92   92   92   92   92   92   92   92
   92   92   92   92   92   92  153  214  270  321  366  407  443  475  504  529
  551  571  588  603  616  627  637  645  651  656  660  662  663  662  660  657
  652  645  636  626  613  598  581  560  537
    17.5-180.0 180.0   5.0 350.0                            LAT/LON1/LON2/DLON/H
  549  525  498  468  433  394  350  301  247  189  127   92   92   92   92   92
   92   92   92   92   92   92   92   92   92   92   92   92   92   92   92   92
   92   92   92   92  100  159  215  267  315  358  397  432  463  491  516  539
  559  576  592  605  617  628  636  644  650  654  658  660  661  660  658  655
  651  645  637  628  616  603  588  570  549
    15.0-180.0 180.0   5.0 350.0                            LAT/LON1/LON2/DLON/H
  557  536  513  486  456  422  385  343  298  249  196  140   92   92   92   92
   92   92   92   92   92   92   92   92   92   92   92   92   92   92   92   92
   92   92   92  109  163  214  262  307  348  385  419  450  477  502  525  545
  563  579  593  606  617  626  634  641  647  651  655  657  657  657  655  653
  649  643  636  628  617  605  592  576  557
    12.5-180.0 180.0   5.0 350.0                            LAT/LON1/LON2/DLON/H
  562  543  522  499  472  443  410  374  335  293  247  199  149   98   92   92
   92   92   92   92   92   92   92   92   92   92   92   92   92   92   92   92
   92   92  114  163  210  255  297  336  372  405  435  462  487  510  530  548
  565  579  592  604  614  623  631  637  643  647  650  652  653  653  651  649
  645  640  634  626  617  606  593  579  562
    10.0-180.0 180.0   5.0 350.0                            LAT/LON1/LON2/DLON/H
  564  548  529  507  484  458  429  397  363  326  286  244  200  155  109   92
   92   92   92   92   92   92   92   92   92   92   92   92   92   92   92   92
   92  116  161  205  246  286  323  357  389  419  446  471  493  514  532  549
  564  578  590  601  610  619  626  632  637  641  644  646  647  647  646  643
  640  635  630  622  614  604  593  579  564
     7.5-180.0 180.0   5.0 350.0                            LAT/LON1/LON2/DLON/H
  564  549  532  512  491  467  442  413  383  350  315  278  239  198  157  116
   92   92   92   92   92   92   92   92   92   92   92   92   92   92   92   92
  116  157  197  236  273  309  342  373  402  428  453  475  496  515  532  547
  561  574  586  596  605  613  620  626  630  634  637  639  640  640  639  637
  634  630  624  618  610  601  590  578  564
     5.0-180.0 180.0   5.0 350.0                            LAT/LON1/LON2/DLON/H
  562  548  532  514  495  474  450  425  397  368  336  303  268  231  194  156
  119   92   92   92   92   92   92   92   92   92   92   92   92   92   92  113
  151  188  224  260  293  325  355  383  409  434  456  477  496  513  529  544
  557  569  580  590  598  606  612  618  623  626  629  631  632  632  631  630
  627  623  618  612  604  596  586  575  562
     2.5-180.0 180.0   5.0 350.0                            LAT/LON1/LON2/DLON/H
  558  545  530  514  496  477  455  432  407  380  351  321  289  256  222  188
  153  119   92   92   92   92   92   92   92   92   92   92   92   92  108  143
  177  211  245  277  307  336  364  390  414  436  457  476  494  510  525  539
  551  563  573  582  590  598  604  609  614  618  620  622  623  623  623  621
  618  615  610  604  598  590  581  570  558
