gLAB/files/quiet/15_02_2014/ckmg0460.14i
     1.0            IONOSPHERE MAPS     GNSS                IONEX VERSION / TYPE
BIMINX V5.3         AIUB                20-FEB-14 07:27     PGM / RUN BY / DATE 
CODE'S KLOBUCHAR-STYLE IONOSPHERE MODEL FOR DAY 046, 2014   COMMENT             
  2014     2    15     0     0     0                        EPOCH OF FIRST MAP  
  2014     2    16     0     0     0                        EPOCH OF LAST MAP   
  7200                                                      INTERVAL            
    13                                                      # OF MAPS IN FILE   
  NONE                                                      MAPPING FUNCTION    
     0.0                                                    ELEVATION CUTOFF    
                                                            OBSERVABLES USED    
  6371.0                                                    BASE RADIUS         
     2                                                      MAP DIMENSION       
   350.0 350.0   0.0                                        HGT1 / HGT2 / DHGT  
    87.5 -87.5  -2.5                                        LAT1 / LAT2 / DLAT  
  -180.0 180.0   5.0                                        LON1 / LON2 / DLON  
    -1                                                      EXPONENT            
TEC/RMS values in 0.1 TECU; 9999, if no value available     COMMENT             
                                                            END OF HEADER       
     1                                                      START OF TEC MAP    
  2014     2    15     0     0     0                        EPOCH OF CURRENT MAP
    87.5-180.0 180.0   5.0 350.0                            LAT/LON1/LON2/DLON/H
  113   97   92   92   92   92   92   92   92   92   92   92   92   92   92   92
   92   92   92   92   92   92   92   92   92   92   92   92   92   92   92   92
   92   92   92   92   92   92   92   92   92   92   92   92   92   92   92   92
   92   92   92   92   92   92   92   92   92   92   92   92   92   92   92   95
  109  121  130  136  139  139  134  125  113
    85.0-180.0 180.0   5.0 350.0                            LAT/LON1/LON2/DLON/H
  113   97   92   92   92   92   92   92   92   92   92   92   92   92   92   92
   92   92   92   92   92   92   92   92   92   92   92   92   92   92   92   92
   92   92   92   92   92   92   92   92   92   92   92   92   92   92   92   92
   92   92   92   92   92   92   92   92   92   92   92   92   92   92   92   95
  109  121  130  136  139  139  134  125  113
    82.5-180.0 180.0   5.0 350.0                            LAT/LON1/LON2/DLON/H
  113   97   92   92   92   92   92   92   92   92   92   92   92   92   92   92
   92   92   92   92   92   92   92   92   92   92   92   92   92   92   92   92
   92   92   92   92   92   92   92   92   92   92   92   92   92   92   92   92
   92   92   92   92   92   92   92   92   92   92   92   92   92   92   92   95
  109  121  130  136  139  139  134  125  113
    80.0-180.0 180.0   5.0 350.0                            LAT/LON1/LON2/DLON/H
  113   97   92   92   92   92   92   92   92   92   92   92   92   92   92   92
   92   92   92   92   92   92   92   92   92   92   92   92   92   92   92   92
   92   92   92   92   92   92   92   92   92   92   92   92   92   92   92   92
   92   92   92   92   92   92   92   92   92   92   92   92   92   92   92   95
  109  121  130  136  139  139  134  125  113
    77.5-180.0 180.0   5.0 350.0                            LAT/LON1/LON2/DLON/H
  113   97   92   92   92   92   92   92   92   92   92   92   92   92   92   92
   92   92   92   92   92   92   92   92   92   92   92   92   92   92   92   92
   92   92   92   92   92   92   92   92   92   92   92   92   92   92   92   92
   92   92   92   92   92   92   92   92   92   92   92   92   92   92   92   95
  109  121  130  136  139  139  134  125  113
    75.0-180.0 180.0   5.0 350.0                            LAT/LON1/LON2/DLON/H
  113   97   92   92   92   92   92   92   92   92   92   92   92   92   92   92
   92   92   92   92   92   92   92   92   92   92   92   92   92   92   92   92
   92   92   92   92   92   92   92   92   92   92   92   92   92   92   92   92
   92   92   92   92   92   92   92   92   92   92   92   92   92   92   92   95
  109  121  130  136  139  139  134  125  113
    72.5-180.0 180.0   5.0 350.0                            LAT/LON1/LON2/DLON/H
  152  139  124  106   92   92   92   92   92   92   92   92   92   92   92   92
   92   92   92   92   92   92   92   92   92   92   92   92   92   92   92   92
   92   92   92   92   92   92   92   92   92   92   92   92   92   92   92   92
   92   92   92   92   92   92   92   92   92   92   92   92   92   92   92   96
  114  130  143  154  162  165  165  160  152
    70.0-180.0 180.0   5.0 350.0                            LAT/LON1/LON2/DLON/H
  190  182  169  154  136  116   96   92   92   92   92   92   92   92   92   92
   92   92   92   92   92   92   92   92   92   92   92   92   92   92   92   92
   92   92   92   92   92   92   92   92   92   92   92   92   92   92   92   92
   92   92   92   92   92   92   92   92   92   92   92   92   92   92   92   97
  119  139  157  172  184  191  195  195  190
    67.5-180.0 180.0   5.0 350.0                            LAT/LON1/LON2/DLON/H
  227  221  212  200  184  167  147  127  107   92   92   92   92   92   92   92
   92   92   92   92   92   92   92   92   92   92   92   92   92   92   92   92
   92   92   92   92   92   92   92   92   92   92   92   92   92   92   92   92
   92   92   92   92   92   92   92   92   92   92   92   92   92   92   92   98
  123  147  169  188  204  216  224  227  227
    65.0-180.0 180.0   5.0 350.0                            LAT/LON1/LON2/DLON/H
  261  259  253  243  230  214  196  177  157  137  119  102   92   92   92   92
   92   92   92   92   92   92   92   92   92   92   92   92   92   92   92   92
   92   92   92   92   92   92   92   92   92   92   92   92   92   92   92   92
   92   92   92   92   92   92   92   92   92   92   92   92   92   92   92   98
  127  155  181  204  223  239  251  258  261
    62.5-180.0 180.0   5.0 350.0                            LAT/LON1/LON2/DLON/H
  292  294  291  283  273  258  242  223  204  184  164  146  129  115  103   94
   92   92   92   92   92   92   92   92   92   92   92   92   92   92   92   92
   92   92   92   92   92   92   92   92   92   92   92   92   92   92   92   92
   92   92   92   92   92   92   92   92   92   92   92   92   92   92   92   99
  131  162  192  218  241  261  276  286  292
    60.0-180.0 180.0   5.0 350.0                            LAT/LON1/LON2/DLON/H
  322  327  326  321  313  300  285  267  248  228  208  188  169  152  137  124
  114  106  100   96   94   93   92   92   92   92   92   92   92   92   92   92
   92   92   92   92   92   92   92   92   92   92   92   92   92   92   92   92
   92   92   92   92   92   92   92   92   92   92   92   92   92   92   92  100
  135  169  202  232  258  281  299  313  322
    57.5-180.0 180.0   5.0 350.0                            LAT/LON1/LON2/DLON/H
  350  357  359  357  350  339  325  309  290  269  248  227  207  187  169  153
  139  126  116  107  100   94   92   92   92   92   92   92   92   92   92   92
   92   92   92   92   92   92   92   92   92   92   92   92   92   92   92   92
   92   92   92   92   92   92   92   92   92   92   92   92   92   92   92  100
  138  175  211  244  274  299  321  338  350
    55.0-180.0 180.0   5.0 350.0                            LAT/LON1/LON2/DLON/H
  376  385  390  390  385  376  363  347  329  308  287  264  242  220  200  180
  162  146  131  118  106   95   92   92   92   92   92   92   92   92   92   92
   92   92   92   92   92   92   92   92   92   92   92   92   92   92   92   92
   92   92   92   92   92   92   92   92   92   92   92   92   92   92   92  101
  141  181  219  255  288  317  341  361  376
    52.5-180.0 180.0   5.0 350.0                            LAT/LON1/LON2/DLON/H
  399  412  418  420  417  410  398  383  365  344  322  299  275  251  228  205
  184  164  145  127  111   95   92   92   92   92   92   92   92   92   92   92
   92   92   92   92   92   92   92   92   92   92   92   92   92   92   92   92
   92   92   92   92   92   92   92   92   92   92   92   92   92   92   92  101
  144  186  227  266  301  332  360  382  399
    50.0-180.0 180.0   5.0 350.0                            LAT/LON1/LON2/DLON/H
  421  436  445  449  447  441  431  417  399  378  356  331  306  280  255  229
  205  181  158  137  116   96   92   92   92   92   92   92   92   92   92   92
   92   92   92   92   92   92   92   92   92   92   92   92   92   92   92   92
   92   92   92   92   92   92   92   92   92   92   92   92   92   92   92  102
  147  191  234  275  313  347  377  401  421
    47.5-180.0 180.0   5.0 350.0                            LAT/LON1/LON2/DLON/H
  441  458  469  475  475  470  461  448  430  410  387  361  335  307  279  252
  224  197  171  145  121   97   92   92   92   92   92   92   92   92   92   92
   92   92   92   92   92   92   92   92   92   92   92   92   92   92   92   92
   92   92   92   92   92   92   92   92   92   92   92   92   92   92   92  102
  149  196  241  284  324  360  392  419  441
    45.0-180.0 180.0   5.0 350.0                            LAT/LON1/LON2/DLON/H
  459  478  491  498  500  497  489  476  459  439  415  389  362  333  303  272
  242  212  182  153  125   98   92   92   92   92   92   92   92   92   92   92
   92   92   92   92   92   92   92   92   92   92   92   92   92   92   92   92
   92   92   92   92   92   92   92   92   92   92   92   92   92   92   92  102
  151  199  247  292  334  372  406  435  459
    42.5-180.0 180.0   5.0 350.0                            LAT/LON1/LON2/DLON/H
  476  496  511  520  524  522  514  502  486  466  442  415  386  356  324  292
  259  226  193  161  129   99   92   92   92   92   92   92   92   92   92   92
   92   92   92   92   92   92   92   92   92   92   92   92   92   92   92   92
   92   92   92   92   92   92   92   92   92   92   92   92   92   92   92  103
  153  203  252  298  342  382  418  450  476
    40.0-180.0 180.0   5.0 350.0                            LAT/LON1/LON2/DLON/H
  490  513  529  540  545  544  538  526  510  490  466  439  409  377  344  309
  274  238  203  168  133   99   92   92   92   92   92   92   92   92   92   92
   92   92   92   92   92   92   92   92   92   92   92   92   92   92   92   92
   92   92   92   92   92   92   92   92   92   92   92   92   92   92  117  145
  169  206  256  304  350  392  430  463  490
    37.5-180.0 180.0   5.0 350.0                            LAT/LON1/LON2/DLON/H
  503  527  545  557  564  564  559  548  533  513  489  461  430  397  362  326
  288  250  212  174  136  100   92   92   92   92   92   92   92   92   92   92
   92   92   92   92   92   92   92   92   92   92   92   92   92   92   92   92
   92   92   92   92   92   92   92   92   92   92   97  136  172  205  235  263
  288  311  331  349  365  400  439  474  503
    35.0-180.0 180.0   5.0 350.0                            LAT/LON1/LON2/DLON/H
  515  540  559  573  580  582  578  568  553  533  509  481  449  415  379  341
  301  261  220  180  140  100   92   92   92   92   92   92   92   92   92   92
   92   92   92   92   92   92   92   92   92   92   92   92   92   92   92   92
   92   92   92   92   92   92   92   92  107  148  187  223  256  287  315  341
  365  387  408  427  444  460  474  488  515
    32.5-180.0 180.0   5.0 350.0                            LAT/LON1/LON2/DLON/H
  548  560  572  587  595  598  595  585  571  551  527  499  467  432  394  354
  313  271  228  185  143  101   92   92   92   92   92   92   92   92   92   92
   92   92   92   92   92   92   92   92   92   92   92   92   92   92   92   92
   92   92   92   92   92   92   97  140  180  218  253  286  316  345  371  395
  418  439  458  476  493  508  523  536  548
    30.0-180.0 180.0   5.0 350.0                            LAT/LON1/LON2/DLON/H
  577  587  596  604  609  612  609  601  587  568  543  515  482  447  408  367
  324  280  235  190  145  101   92   92   92   92   92   92   92   92   92   92
   92   92   92   92   92   92   92   92   92   92   92   92   92   92   92   92
   92   92   92   92   92  119  160  199  236  270  302  332  360  386  411  434
  455  475  493  510  526  541  554  566  577
    27.5-180.0 180.0   5.0 350.0                            LAT/LON1/LON2/DLON/H
  597  606  614  620  623  625  622  615  601  582  558  529  496  460  420  378
  334  288  241  195  148  102   92   92   92   92   92   92   92   92   92   92
   92   92   92   92   92   92   92   92   92   92   92   92   92   92   92   92
   92   92   92   92  131  171  208  244  277  309  338  366  392  417  440  461
  482  500  518  534  549  563  576  587  597
    25.0-180.0 180.0   5.0 350.0                            LAT/LON1/LON2/DLON/H
  612  620  626  632  635  636  633  627  616  597  571  542  509  472  431  388
  342  295  247  198  150  102   92   92   92   92   92   92   92   92   92   92
   92   92   92   92   92   92   92   92   92   92   92   92   92   92   92   92
   92   92   95  135  174  210  245  278  308  338  365  391  416  439  461  481
  501  519  536  551  566  579  591  602  612
    22.5-180.0 180.0   5.0 350.0                            LAT/LON1/LON2/DLON/H
  622  630  636  641  644  644  643  638  629  614  594  565  526  482  441  397
  350  302  252  202  152  102   92   92   92   92   92   92   92   92   92   92
   92   92   92   92   92   92   92   92   92   92   92   92   92   92   92   92
   92   95  134  172  207  240  272  303  331  359  385  409  433  455  476  496
  514  532  548  563  578  590  602  613  622
    20.0-180.0 180.0   5.0 350.0                            LAT/LON1/LON2/DLON/H
  629  637  643  648  650  651  650  646  639  628  612  591  563  527  483  430
  368  307  257  205  154  103   92   92   92   92   92   92   92   92   92   92
   92   92   92   92   92   92   92   92   92   92   92   92   92   92   92   92
   92  129  165  199  232  263  293  321  348  374  398  422  444  466  486  505
  523  541  557  572  586  598  610  620  629
    17.5-180.0 180.0   5.0 350.0                            LAT/LON1/LON2/DLON/H
  634  641  648  652  655  657  656  653  647  638  625  609  587  560  528  490
  445  396  342  285  228  173  122   92   92   92   92   92   92   92   92   92
   92   92   92   92   92   92   92   92   92   92   92   92   92   92   92   92
  120  155  188  220  250  279  307  334  359  384  408  430  452  473  492  511
  529  546  562  577  590  603  615  625  634
    15.0-180.0 180.0   5.0 350.0                            LAT/LON1/LON2/DLON/H
  636  644  650  655  659  660  660  657  653  645  635  621  604  583  558  528
  494  456  415  371  326  282  239  198  161  128  100   92   92   92   92   92
   92   92   92   92   92   92   92   92   92   92   92   92   92   92   92  109
  142  174  205  234  263  290  316  342  366  390  413  435  456  476  496  514
  532  549  564  579  593  605  617  627  636
    12.5-180.0 180.0   5.0 350.0                            LAT/LON1/LON2/DLON/H
  637  645  651  657  660  662  662  661  657  651  642  631  617  599  578  554
  527  496  463  428  391  354  317  282  249  218  190  164  142  123  105   92
   92   92   92   92   92   92   92   92   92   92   92   92   92   92   95  127
  158  187  216  244  271  297  322  346  370  393  415  436  457  477  496  514
  532  549  564  579  593  606  617  628  637
    10.0-180.0 180.0   5.0 350.0                            LAT/LON1/LON2/DLON/H
  636  644  651  656  660  663  664  662  660  654  647  638  625  611  593  573
  550  524  496  467  436  404  373  341  311  282  255  230  207  186  166  148
  132  116  101   92   92   92   92   92   92   92   92   92   92   92  110  140
  168  196  223  249  275  300  324  347  370  392  414  435  455  475  494  512
  530  547  562  577  591  604  616  626  636
     7.5-180.0 180.0   5.0 350.0                            LAT/LON1/LON2/DLON/H
  633  642  649  655  659  662  663  663  660  656  650  642  631  619  603  586
  566  544  520  495  468  440  412  384  356  329  304  279  256  234  213  193
  175  157  139  122  106   92   92   92   92   92   92   92   92   92  120  148
  175  201  226  251  276  300  323  346  368  390  411  432  452  471  490  509
  526  543  559  574  588  601  613  624  633
     5.0-180.0 180.0   5.0 350.0                            LAT/LON1/LON2/DLON/H
  629  638  646  652  656  660  661  662  660  657  651  644  635  624  611  595
  578  558  537  515  491  466  441  415  389  364  339  315  292  270  249  228
  208  188  169  150  131  112   93   92   92   92   92   92   92   99  126  152
  177  202  227  251  274  297  320  342  364  385  406  426  446  466  485  503
  520  537  553  568  583  596  608  619  629
     2.5-180.0 180.0   5.0 350.0                            LAT/LON1/LON2/DLON/H
  624  633  641  647  652  656  658  659  658  655  651  645  637  627  615  601
  586  568  549  529  507  485  461  438  414  390  366  343  320  297  275  253
  232  211  191  170  150  129  109   92   92   92   92   92   92  103  128  153
  177  201  224  247  270  293  315  336  358  379  399  420  439  459  478  496
  513  530  546  562  576  590  602  614  624
