gLAB/files/quiet/15_02_2014/esrg0460.14i
     1.0            IONOSPHERE MAPS     GPS                 IONEX VERSION / TYPE
PAR2IONEX           ESA/ESOC            16-FEB-14 03:02     PGM / RUN BY / DATE 
ESOC'S GLOBAL IONOSPHERE MAPS FOR DAY  46, 2014             DESCRIPTION         
SH: SPHERICAL HARMONIC MODEL FROM 199 STATS; N = 15, M = 15 DESCRIPTION         
  2014     2    15     0     0     0                        EPOCH OF FIRST MAP  
  2014     2    16     0     0     0                        EPOCH OF LAST MAP   
  7200                                                      INTERVAL            
    13                                                      # OF MAPS IN FILE   
  NONE                                                      MAPPING FUNCTION    
    10.0                                                    ELEVATION CUTOFF    
One-way carrier phase leveled to code                       OBSERVABLES USED    
   199                                                      # OF STATIONS       
    54                                                      # OF SATELLITES     
  6371.0                                                    BASE RADIUS         
     2                                                      MAP DIMENSION       
   450.0 450.0   0.0                                        HGT1 / HGT2 / DHGT  
    87.5 -87.5  -2.5                                        LAT1 / LAT2 / DLAT  
  -180.0 180.0   5.0                                        LON1 / LON2 / DLON  
    -1                                                      EXPONENT            
TEC/RMS values in 0.1 TECU; 9999, if no value available     COMMENT             
                                                            END OF HEADER       
     1                                                      START OF TEC MAP    
  2014     2    15     0     0     0                        EPOCH OF CURRENT MAP
    87.5-180.0 180.0   5.0 450.0                            LAT/LON1/LON2/DLON/H
  120  122  123  125  126  127  129  130  131  131  132  133  133  133  133  133
  133  132  132  131  130  129  128  127  126  125  123  122  120  119  118  116
  115  113  112  111  109  108  107  106  105  104  103  102  102  101  101  100
  100   99   99   99   99   99  100  100  100  101  102  102  103  104  106  107
  108  109  111  112  114  116  117  119  120                                   
    85.0-180.0 180.0   5.0 450.0                            LAT/LON1/LON2/DLON/H
  123  126  130  132  135  138  140  142  143  145  146  147  147  147  147  147
  146  145  144  142  140  138  136  133  131  128  125  122  120  117  114  111
  109  106  104  102  100   98   96   94   93   92   91   90   89   88   87   86
   86   85   85   84   84   84   84   84   85   85   86   88   89   91   93   95
   98  101  104  107  110  113  117  120  123                                   
    82.5-180.0 180.0   5.0 450.0                            LAT/LON1/LON2/DLON/H
  128  132  137  141  145  148  151  153  155  157  158  158  158  158  157  156
  155  153  150  148  145  141  138  134  130  126  122  118  114  110  106  103
  100   96   94   91   89   87   85   83   82   81   80   79   79   78   77   77
   76   75   74   73   72   72   71   71   71   71   72   74   76   78   81   85
   89   93   98  102  107  113  118  123  128                                   
    80.0-180.0 180.0   5.0 450.0                            LAT/LON1/LON2/DLON/H
  136  142  148  153  157  160  163  165  167  168  168  167  167  165  163  161
  158  155  151  147  143  138  134  129  124  119  115  110  105  101   97   93
   90   87   84   81   79   77   76   75   74   73   73   73   73   72   72   71
   70   69   68   66   64   62   61   60   59   59   60   62   64   68   72   77
   83   89   95  102  109  116  123  130  136                                   
    77.5-180.0 180.0   5.0 450.0                            LAT/LON1/LON2/DLON/H
  151  158  165  170  174  178  180  181  181  180  179  176  174  171  167  163
  158  153  147  142  136  130  125  119  114  109  104  100   96   92   88   85
   82   79   77   74   72   71   70   69   68   68   69   69   69   70   70   70
   69   67   65   62   59   56   54   52   50   50   51   53   57   62   68   74
   82   90   99  108  117  126  135  143  151                                   
    75.0-180.0 180.0   5.0 450.0                            LAT/LON1/LON2/DLON/H
  171  180  187  193  197  200  201  200  199  196  192  187  182  176  170  163
  156  148  140  133  125  118  112  107  102   98   94   91   88   85   82   80
   78   76   74   72   70   68   67   66   65   65   66   67   68   69   69   69
   68   66   64   60   56   52   49   46   44   44   46   49   54   61   69   78
   88   98  109  120  131  141  152  162  171                                   
    72.5-180.0 180.0   5.0 450.0                            LAT/LON1/LON2/DLON/H
  195  205  213  220  224  226  226  224  220  215  209  202  194  186  176  166
  156  145  134  123  114  106   99   94   91   88   86   84   83   81   80   79
   78   76   75   73   71   68   66   64   63   62   63   64   66   67   68   69
   68   66   63   58   54   49   45   41   40   41   44   49   57   66   77   89
  101  113  125  137  149  161  172  184  195                                   
    70.0-180.0 180.0   5.0 450.0                            LAT/LON1/LON2/DLON/H
  218  229  239  247  252  254  253  249  244  237  229  220  210  199  187  174
  160  145  130  117  105   96   89   85   83   82   82   82   82   82   81   81
   81   80   78   76   73   70   66   63   60   59   59   60   62   64   65   66
   66   64   60   56   51   46   42   39   38   40   46   53   64   76   90  105
  119  133  146  158  170  182  194  206  218                                   
    67.5-180.0 180.0   5.0 450.0                            LAT/LON1/LON2/DLON/H
  237  250  261  270  275  278  277  273  266  258  249  239  228  216  202  186
  169  150  132  116  101   91   84   81   80   81   83   84   85   85   85   85
   84   84   82   80   76   71   65   60   56   54   53   54   57   59   61   62
   62   60   57   53   48   43   40   38   39   43   51   61   75   91  107  124
  141  155  169  180  191  202  213  225  237                                   
    65.0-180.0 180.0   5.0 450.0                            LAT/LON1/LON2/DLON/H
  252  264  276  285  291  294  293  289  284  276  267  258  246  234  219  202
  182  161  140  120  104   92   86   83   84   86   88   90   90   89   88   88
   87   86   84   81   76   70   63   57   52   49   48   49   51   54   56   58
   58   56   54   50   46   43   40   40   43   49   59   72   88  107  127  146
  164  179  192  203  212  220  230  240  252                                   
    62.5-180.0 180.0   5.0 450.0                            LAT/LON1/LON2/DLON/H
  262  272  283  292  298  300  300  298  294  288  280  272  262  250  235  217
  197  174  151  130  112  100   93   91   92   95   97   97   96   93   91   89
   87   85   83   80   74   68   60   53   48   45   45   46   48   51   53   55
   55   54   52   50   47   45   44   45   50   57   69   85  103  124  146  167
  187  203  215  225  231  237  244  252  262                                   
    60.0-180.0 180.0   5.0 450.0                            LAT/LON1/LON2/DLON/H
  269  276  284  291  296  298  299  298  296  293  288  281  272  260  246  229
  210  187  164  143  124  111  104  102  103  105  106  104  101   96   91   87
   85   82   80   76   71   65   58   52   47   45   45   47   49   52   54   55
   55   55   54   53   52   51   51   54   59   68   81   98  118  140  163  186
  207  225  238  246  251  254  257  262  269                                   
    57.5-180.0 180.0   5.0 450.0                            LAT/LON1/LON2/DLON/H
  276  280  283  286  288  290  291  293  294  294  291  285  276  265  251  235
  217  197  176  156  138  126  118  115  115  115  113  110  104   97   90   85
   82   79   77   73   69   64   58   54   51   50   51   53   55   57   59   60
   60   61   61   61   61   61   62   65   71   81   95  112  132  154  178  202
  225  244  258  267  270  271  272  273  276                                   
    55.0-180.0 180.0   5.0 450.0                            LAT/LON1/LON2/DLON/H
  286  285  284  282  281  281  283  287  292  294  293  287  277  264  249  234
  218  201  184  167  152  139  131  126  124  121  117  112  105   97   90   84
   80   77   75   72   69   65   62   60   59   60   61   64   66   67   68   69
   70   72   73   74   75   75   76   79   85   95  108  125  145  167  191  215
  239  260  276  286  290  290  289  287  286                                   
    52.5-180.0 180.0   5.0 450.0                            LAT/LON1/LON2/DLON/H
  299  294  288  282  277  275  278  285  293  299  299  292  278  260  243  227
  212  199  187  174  162  152  143  135  129  124  118  112  105   98   92   87
   82   79   76   73   71   70   69   70   71   73   75   77   79   80   81   82
   84   86   89   91   92   91   91   93   99  108  122  139  158  179  202  226
  251  273  291  302  308  308  307  303  299                                   
    50.0-180.0 180.0   5.0 450.0                            LAT/LON1/LON2/DLON/H
  314  306  296  285  278  275  279  289  301  310  311  301  282  259  236  218
  203  193  185  177  170  162  152  143  133  124  117  112  107  102   98   93
   89   85   81   78   77   77   79   82   85   87   90   91   92   93   94   96
   99  103  107  109  109  108  106  107  112  122  136  153  172  192  213  236
  259  282  301  314  321  324  323  320  314                                   
    47.5-180.0 180.0   5.0 450.0                            LAT/LON1/LON2/DLON/H
  327  317  304  292  283  280  285  298  313  326  328  317  294  264  235  212
  195  185  180  177  175  170  161  149  136  125  117  113  111  109  107  104
  100   95   89   85   84   86   90   94   98  101  102  103  104  104  106  109
  114  119  124  126  125  122  119  119  124  134  150  169  188  206  225  245
  267  288  307  320  329  333  335  333  327                                   
    45.0-180.0 180.0   5.0 450.0                            LAT/LON1/LON2/DLON/H
  334  324  311  298  290  288  294  308  326  341  346  336  310  276  242  213
  193  181  176  177  179  178  170  157  141  128  120  118  118  119  119  117
  112  106   99   94   92   95  100  105  109  111  112  112  112  113  116  120
  126  132  137  139  137  133  129  129  134  146  165  185  206  223  239  256
  274  292  309  321  330  336  340  340  334                                   
    42.5-180.0 180.0   5.0 450.0                            LAT/LON1/LON2/DLON/H
  337  326  313  301  295  294  301  314  333  351  359  352  329  295  257  224
  198  182  175  177  183  186  181  168  150  136  128  126  128  131  131  129
  124  116  108  102  100  103  109  114  117  118  117  117  118  120  123  128
  134  140  144  145  143  139  136  136  143  158  179  203  225  242  256  268
  282  296  309  320  327  334  340  341  337                                   
    40.0-180.0 180.0   5.0 450.0                            LAT/LON1/LON2/DLON/H
  336  324  310  301  297  298  302  312  328  347  361  361  344  315  279  244
  214  191  179  180  188  195  193  181  163  148  140  138  140  141  140  137
  132  124  116  110  109  112  118  122  124  123  121  120  121  124  128  132
  138  142  145  145  142  140  138  142  151  169  193  220  244  262  274  283
  293  303  313  320  326  333  340  342  336                                   
    37.5-180.0 180.0   5.0 450.0                            LAT/LON1/LON2/DLON/H
  339  323  308  300  299  300  300  302  311  328  346  355  349  330  302  270
  236  207  188  185  194  204  205  194  177  162  154  152  150  147  143  140
  135  130  124  120  120  123  128  131  130  127  124  123  124  127  130  133
  137  139  139  138  136  136  139  146  159  180  206  235  262  280  292  300
  308  316  323  328  333  340  347  348  339                                   
    35.0-180.0 180.0   5.0 450.0                            LAT/LON1/LON2/DLON/H
  355  333  314  306  306  306  298  288  286  298  318  335  342  336  320  294
  261  227  201  193  199  210  213  203  188  175  168  163  157  149  141  137
  136  136  134  133  134  138  141  142  139  133  129  127  127  129  130  131
  132  131  129  127  126  129  137  149  166  189  217  248  276  296  309  318
  327  336  344  349  354  362  370  369  355                                   
    32.5-180.0 180.0   5.0 450.0                            LAT/LON1/LON2/DLON/H
  391  361  336  326  328  324  307  283  265  266  283  305  322  330  328  313
  285  248  216  201  203  211  213  206  193  184  178  171  159  145  136  134
  138  144  148  151  154  157  159  156  150  142  135  132  130  130  128  126
  124  120  116  113  114  121  134  151  172  195  224  256  285  308  324  337
  351  365  377  386  394  405  414  411  391                                   
    30.0-180.0 180.0   5.0 450.0                            LAT/LON1/LON2/DLON/H
  450  411  380  369  370  364  337  296  261  247  256  276  296  313  324  322
  301  266  230  207  202  205  205  198  190  185  182  174  158  140  130  132
  144  157  168  175  179  182  181  174  164  153  143  137  133  129  125  120
  114  109  103  100  101  111  129  151  174  199  227  258  289  315  335  355
  377  401  422  437  451  467  479  476  450                                   
    27.5-180.0 180.0   5.0 450.0                            LAT/LON1/LON2/DLON/H
  528  484  448  436  438  431  395  339  286  256  250  259  274  292  311  320
  309  279  242  213  199  194  188  181  178  180  182  174  156  137  130  138
  158  179  194  203  208  209  204  193  179  164  151  141  134  126  119  111
  105   98   92   88   90  102  122  148  173  198  225  256  288  317  343  371
  404  440  472  497  519  542  559  557  528                                   
    25.0-180.0 180.0   5.0 450.0                            LAT/LON1/LON2/DLON/H
  617  571  534  523  528  521  482  415  348  301  277  268  267  276  294  311
  310  288  252  218  195  179  167  160  163  174  180  174  157  140  139  157
  183  208  224  233  237  234  225  210  192  173  157  143  132  121  111  103
   96   90   85   80   82   93  114  141  168  193  220  251  284  317  349  386
  430  478  522  556  586  616  641  644  617                                   
    22.5-180.0 180.0   5.0 450.0                            LAT/LON1/LON2/DLON/H
  699  658  625  619  630  627  588  519  444  385  342  309  283  273  283  300
  308  294  262  226  194  167  149  143  152  171  184  180  165  154  162  188
  219  244  256  261  260  254  241  222  200  178  159  142  127  115  104   95
   89   85   81   76   75   84  103  130  159  185  212  244  279  316  354  398
  452  510  562  604  640  676  708  719  699                                   
    20.0-180.0 180.0   5.0 450.0                            LAT/LON1/LON2/DLON/H
  758  729  706  708  726  731  699  635  562  496  438  381  327  291  284  296
  308  302  277  240  201  166  142  138  155  181  198  195  183  180  198  232
  264  282  286  282  275  265  248  226  201  178  157  139  122  108   97   89
   85   83   80   75   71   75   91  117  147  176  205  238  276  316  359  408
  467  531  588  633  670  709  746  767  758                                   
    17.5-180.0 180.0   5.0 450.0                            LAT/LON1/LON2/DLON/H
  781  768  760  773  800  814  794  743  680  617  551  474  394  331  303  304
  315  316  298  264  221  180  154  153  177  208  225  220  210  215  243  282
  311  318  308  293  280  265  245  221  196  174  153  134  117  103   93   87
   84   83   80   75   68   67   79  103  135  167  199  235  275  318  364  415
  475  539  595  637  671  707  747  776  781                                   
    15.0-180.0 180.0   5.0 450.0                            LAT/LON1/LON2/DLON/H
  765  769  777  802  837  860  853  821  776  726  660  573  475  390  341  328
  335  339  328  299  257  215  190  194  222  253  264  254  242  253  291  333
  354  347  321  295  274  256  235  211  187  167  149  131  115  103   93   87
   84   83   81   75   65   59   67   91  125  162  198  237  279  324  370  420
  477  535  585  619  644  673  710  745  765                                   
    12.5-180.0 180.0   5.0 450.0                            LAT/LON1/LON2/DLON/H
  713  733  755  788  828  858  866  854  832  800  745  660  556  459  394  367
  366  371  367  345  308  269  248  257  287  312  311  289  273  288  332  375
  388  366  325  288  261  241  220  197  177  161  146  131  117  106   98   91
   86   84   81   74   62   54   59   83  120  162  202  243  286  331  376  422
  472  522  562  586  599  616  646  683  713                                   
    10.0-180.0 180.0   5.0 450.0                            LAT/LON1/LON2/DLON/H
  640  671  702  739  779  812  830  838  839  828  791  719  623  527  455  417
  408  412  414  400  371  338  323  335  362  375  356  318  295  312  359  402
  408  374  322  277  247  227  207  187  170  157  146  135  123  114  105   96
   89   83   79   72   60   50   54   79  120  166  210  252  295  339  381  422
  464  504  534  547  549  553  572  604  640                                   
     7.5-180.0 180.0   5.0 450.0                            LAT/LON1/LON2/DLON/H
  566  600  634  668  702  733  758  780  800  809  793  743  667  584  515  472
  456  458  464  458  437  412  402  415  433  429  389  332  301  318  368  411
