gLAB/files/quiet/15_02_2014/esrg0460.14i
     1.0            IONOSPHERE MAPS     GPS                 IONEX VERSION / TYPE
PAR2IONEX           ESA/ESOC            16-FEB-14 03:02     PGM / RUN BY / DATE 
ESOC'S GLOBAL IONOSPHERE MAPS FOR DAY  46, 2014             DESCRIPTION         
SH: SPHERICAL HARMONIC MODEL FROM 199 STATS; N = 15, M = 15 DESCRIPTION         
  2014     2    15     0     0     0                        EPOCH OF FIRST MAP  
  2014     2    16     0     0     0                        EPOCH OF LAST MAP   
  7200                                                      INTERVAL            
    13                                                      # OF MAPS IN FILE   
  NONE                                                      MAPPING FUNCTION    
    10.0                                                    ELEVATION CUTOFF    
One-way carrier phase leveled to code                       OBSERVABLES USED    
   199                                                      # OF STATIONS       
    54                                                      # OF SATELLITES     
  6371.0                                                    BASE RADIUS         
     2                                                      MAP DIMENSION       
   450.0 450.0   0.0                                        HGT1 / HGT2 / DHGT  
    87.5 -87.5  -2.5                                        LAT1 / LAT2 / DLAT  
  -180.0 180.0   5.0                                        LON1 / LON2 / DLON  
    -1                                                      EXPONENT            
TEC/RMS values in 0.1 TECU; 9999, if no value available     COMMENT             
                                                            END OF HEADER       
[from data line 1716]
     5                                                      START OF TEC MAP    
  2014     2    15     8     0     0                        EPOCH OF CURRENT MAP
    87.5-180.0 180.0   5.0 450.0                            LAT/LON1/LON2/DLON/H
   95   94   94   94   94   95   95   96   96   97   98   99  100  101  102  103
  104  105  106  106  107  108  109  109  110  111  111  112  112  113  113  114
  115  115  116  116  117  117  118  119  119  120  120  120  121  121  121  121
  121  121  120  120  119  118  117  116  115  114  112  111  109  108  106  105
  103  102  100   99   98   97   96   95   95                                   
    85.0-180.0 180.0   5.0 450.0                            LAT/LON1/LON2/DLON/H
   79   78   78   78   79   80   81   83   85   88   90   93   95   97  100  102
  104  106  107  108  109  110  111  111  112  112  112  112  113  113  114  115
  116  117  118  119  121  122  124  126  128  129  131  133  134  136  137  138
  138  139  139  138  137  136  134  132  130  127  124  120  116  113  109  105
  101   97   93   90   87   84   82   80   79                                   
    82.5-180.0 180.0   5.0 450.0                            LAT/LON1/LON2/DLON/H
   63   61   61   61   62   64   67   71   75   79   83   88   92   96  100  103
  106  108  110  111  112  112  112  111  111  110  110  109  109  109  109  110
  111  113  115  117  120  123  127  130  134  138  142  145  149  152  155  158
  160  162  163  163  162  161  159  156  153  148  143  137  131  125  118  111
  103   97   90   84   78   73   69   65   63                                   
    80.0-180.0 180.0   5.0 450.0                            LAT/LON1/LON2/DLON/H
   50   47   46   46   48   50   54   59   64   70   77   83   89   94   99  104
  107  110  111  112  112  112  111  109  107  105  103  102  100  100  100  101
  102  105  108  112  116  122  127  133  139  145  152  158  164  169  175  179
  184  187  190  191  192  191  189  186  181  176  169  161  153  144  134  124
  113  103   93   84   75   67   60   55   50                                   
    77.5-180.0 180.0   5.0 450.0                            LAT/LON1/LON2/DLON/H
   44   39   37   35   36   39   43   49   55   62   70   77   85   91   97  102
  106  109  111  111  111  109  107  104  101   98   94   91   89   88   87   88
   90   94   99  104  111  119  127  135  144  153  161  170  178  186  194  201
  207  212  217  220  221  222  220  217  212  206  198  189  178  167  155  143
  130  117  104   91   80   69   59   51   44                                   
    75.0-180.0 180.0   5.0 450.0                            LAT/LON1/LON2/DLON/H
   46   39   34   31   30   32   35   41   47   55   63   71   79   87   93   99
  103  106  108  108  107  105  102   98   94   89   85   81   77   75   74   75
   78   82   89   97  106  116  127  138  149  160  171  182  192  202  211  220
  228  235  241  246  248  249  248  245  240  233  225  215  203  191  178  164
  150  135  120  106   92   78   66   55   46                                   
    72.5-180.0 180.0   5.0 450.0                            LAT/LON1/LON2/DLON/H
   55   45   38   33   30   30   32   36   42   49   57   65   72   80   87   92
   97  100  102  103  102  100   97   93   87   82   76   70   66   63   61   62
   66   71   80   90  102  115  128  142  155  168  181  193  204  215  226  236
  245  253  261  266  269  271  270  266  261  254  245  235  223  211  198  184
  169  154  139  124  109   94   79   66   55                                   
    70.0-180.0 180.0   5.0 450.0                            LAT/LON1/LON2/DLON/H
   68   56   47   40   35   33   33   35   40   45   52   59   66   72   79   84
   89   92   95   96   96   94   91   87   82   75   69   62   56   52   50   51
   55   62   73   85  100  115  131  147  162  177  190  203  215  226  238  248
  258  267  275  280  284  285  283  279  273  265  256  246  235  224  211  199
  185  171  156  141  126  111   96   81   68                                   
    67.5-180.0 180.0   5.0 450.0                            LAT/LON1/LON2/DLON/H
   82   69   58   49   43   39   37   38   40   44   48   54   59   65   70   75
   79   83   86   87   88   87   85   81   76   70   63   56   49   44   42   43
   48   56   68   83  100  118  136  154  171  186  201  213  225  237  247  258
  268  277  284  289  292  292  289  284  277  269  260  250  240  229  218  207
  195  182  169  154  140  125  110   95   82                                   
    65.0-180.0 180.0   5.0 450.0                            LAT/LON1/LON2/DLON/H
   92   79   68   58   51   46   43   42   42   44   47   50   54   58   62   66
   70   73   76   78   79   79   78   75   71   65   58   51   44   39   37   38
   44   54   68   84  103  123  144  163  181  197  211  224  235  246  257  266
  276  284  291  295  296  295  291  285  277  268  258  249  239  229  220  209
  198  186  174  161  147  133  119  105   92                                   
    62.5-180.0 180.0   5.0 450.0                            LAT/LON1/LON2/DLON/H
   96   85   74   65   57   51   48   46   46   46   47   48   50   52   55   58
   61   63   66   67   68   69   69   67   64   60   54   47   41   36   35   37
   44   56   71   90  110  131  153  173  191  208  222  234  246  256  266  275
  284  291  297  300  300  298  292  285  276  266  257  247  238  229  219  209
  198  186  173  160  147  134  121  109   96                                   
    60.0-180.0 180.0   5.0 450.0                            LAT/LON1/LON2/DLON/H
   95   85   76   67   60   55   51   49   48   48   48   47   48   48   50   51
   53   54   56   57   58   59   59   59   58   55   50   45   40   36   36   40
   48   61   78   98  119  141  163  183  202  219  233  245  256  266  276  285
  293  300  304  306  306  302  296  288  279  269  260  251  242  232  222  210
  197  183  169  155  142  129  117  106   95                                   
    57.5-180.0 180.0   5.0 450.0                            LAT/LON1/LON2/DLON/H
   91   82   74   67   61   56   53   51   50   49   48   47   46   46   46   47
   47   48   48   48   48   49   51   52   52   51   48   44   41   39   40   46
   56   71   89  109  130  152  173  194  212  229  243  256  267  278  288  296
  304  310  313  314  313  309  303  295  287  278  269  261  251  241  229  215
  199  183  166  150  135  122  110  100   91                                   
    55.0-180.0 180.0   5.0 450.0                            LAT/LON1/LON2/DLON/H
   87   80   73   66   61   56   53   52   51   50   49   47   45   44   44   44
   44   43   42   41   41   42   44   47   49   50   49   46   44   44   46   54
   66   82  101  121  142  163  184  203  222  239  254  267  279  290  300  309
  316  321  324  324  322  318  313  307  299  292  284  276  267  255  241  224
  205  186  166  148  131  117  105   96   87                                   
    52.5-180.0 180.0   5.0 450.0                            LAT/LON1/LON2/DLON/H
   88   82   75   69   63   57   54   53   52   51   49   47   45   44   44   44
   44   42   40   39   39   40   43   47   50   52   52   51   50   51   55   63
   77   94  113  134  154  173  193  212  231  248  263  277  290  303  314  324
  330  333  334  333  331  328  324  318  313  307  300  293  283  271  255  236
  215  193  172  151  133  118  106   96   88                                   
    50.0-180.0 180.0   5.0 450.0                            LAT/LON1/LON2/DLON/H
   95   89   83   76   69   63   58   56   54   53   51   49   47   46   46   46
   46   45   42   41   41   43   47   52   56   59   60   59   58   59   63   73
   87  105  125  144  164  183  202  221  239  257  273  287  302  316  329  339
  345  346  345  342  338  335  332  328  324  319  313  306  297  283  267  247
  225  202  181  160  141  125  113  103   95                                   
    47.5-180.0 180.0   5.0 450.0                            LAT/LON1/LON2/DLON/H
  108  102   96   89   81   73   67   63   61   58   55   52   50   50   50   51
   51   49   48   47   48   51   56   61   66   69   69   68   67   67   72   81
   95  114  133  153  172  190  209  229  248  266  283  298  314  330  345  356
  361  360  356  350  345  341  338  334  330  325  319  312  302  288  271  252
  231  210  190  171  154  138  125  115  108                                   
    45.0-180.0 180.0   5.0 450.0                            LAT/LON1/LON2/DLON/H
  122  117  111  105   96   87   80   74   71   67   63   59   56   55   56   57
   57   56   55   55   57   61   67   73   78   80   80   78   76   75   79   87
  102  120  140  159  178  197  217  237  257  277  294  311  329  347  364  376
  381  378  369  360  353  347  343  338  332  325  318  309  298  284  268  249
  231  214  197  181  165  151  139  129  122                                   
    42.5-180.0 180.0   5.0 450.0                            LAT/LON1/LON2/DLON/H
  133  129  125  120  112  103   95   89   84   79   74   69   65   63   63   64
   64   63   62   63   67   73   79   85   89   90   89   87   84   82   85   92
  106  124  144  164  184  204  225  247  269  289  308  326  346  366  386  401
  406  401  389  377  366  359  352  344  335  325  314  303  290  275  258  241
  226  211  198  186  173  161  149  139  133                                   
    40.0-180.0 180.0   5.0 450.0                            LAT/LON1/LON2/DLON/H
  137  134  133  130  124  117  109  103   97   92   86   80   76   73   72   71
   70   69   68   70   75   82   89   95   98   98   96   94   91   88   90   96
  109  127  147  168  189  211  234  258  282  305  325  345  366  390  414  431
  438  432  419  403  391  381  371  359  345  330  315  300  284  267  249  233
  219  206  196  185  175  163  152  143  137                                   
    37.5-180.0 180.0   5.0 450.0                            LAT/LON1/LON2/DLON/H
  132  130  131  132  129  124  118  113  108  103   98   92   87   83   81   79
   77   75   74   75   81   88   95  100  102  102  101   98   96   93   94  100
  112  130  150  172  195  218  244  271  298  323  346  368  392  419  446  468
  477  473  459  443  429  417  404  388  369  349  328  309  289  269  250  232
  217  204  192  182  171  160  149  139  132                                   
    35.0-180.0 180.0   5.0 450.0                            LAT/LON1/LON2/DLON/H
  122  120  122  125  126  123  120  116  113  110  105  100   96   93   90   87
   83   79   78   79   83   91   98  102  104  104  102  101   99   98   99  104
  116  134  155  177  201  226  254  284  314  343  370  395  421  452  483  509
  522  521  509  494  480  468  454  434  411  385  361  337  314  291  269  248
  229  212  195  181  168  155  142  130  122                                   
    32.5-180.0 180.0   5.0 450.0                            LAT/LON1/LON2/DLON/H
  113  109  111  115  117  116  114  112  111  109  107  105  103  101   98   94
   89   84   81   81   85   91   98  102  104  104  103  103  102  102  103  109
  121  139  160  183  208  235  265  297  332  365  395  424  454  487  522  552
  570  572  564  552  541  530  516  494  468  440  413  387  361  335  310  286
  261  236  211  190  171  155  139  124  113                                   
    30.0-180.0 180.0   5.0 450.0                            LAT/LON1/LON2/DLON/H
  115  106  105  106  107  105  103  102  102  102  103  104  106  106  104  100
   95   89   86   85   87   92   98  103  104  104  103  104  104  105  107  113
  126  144  165  189  214  243  275  311  349  387  422  455  487  521  558  591
  613  620  616  609  603  595  582  561  535  507  480  454  427  401  373  345
  314  280  246  214  189  168  148  130  115                                   
    27.5-180.0 180.0   5.0 450.0                            LAT/LON1/LON2/DLON/H
  134  120  112  108  104   98   93   90   90   92   95  100  105  108  108  104
  100   95   92   90   91   95  100  104  106  105  105  105  105  105  108  116
  130  148  170  194  221  252  286  324  366  409  449  484  517  552  588  622
  645  656  658  656  655  652  642  623  599  574  551  527  503  478  451  420
  385  343  299  258  225  199  176  154  134                                   
    25.0-180.0 180.0   5.0 450.0                            LAT/LON1/LON2/DLON/H
  175  154  138  126  114  102   91   85   82   83   87   94  102  108  109  107
  104  101   99   97   97  100  104  108  109  108  106  105  103  103  106  115
  131  152  175  200  228  261  298  338  383  429  473  510  543  575  608  639
  662  675  681  685  689  691  685  670  650  631  613  596  576  555  530  501
  464  418  366  318  279  249  224  199  175                                   
    22.5-180.0 180.0   5.0 450.0                            LAT/LON1/LON2/DLON/H
  235  209  185  162  141  121  104   92   84   82   84   91  100  107  110  109
  107  107  107  105  104  106  110  113  113  110  106  102   99   96   99  110
  129  153  178  205  236  271  310  353  399  447  493  531  561  588  615  641
  662  675  682  690  699  705  703  692  679  667  657  647  634  618  599  575
  541  495  441  388  345  313  288  262  235                                   
    20.0-180.0 180.0   5.0 450.0                            LAT/LON1/LON2/DLON/H
  306  276  245  215  184  156  133  115  102   94   91   95  103  110  111  110
  110  112  113  113  111  111  114  116  115  110  103   97   90   86   89  102
  126  154  182  212  245  283  324  368  414  462  507  544  571  592  611  630
  645  656  664  674  685  694  695  689  682  678  676  673  668  659  647  631
  604  563  511  458  414  382  357  333  306                                   
    17.5-180.0 180.0   5.0 450.0                            LAT/LON1/LON2/DLON/H
  374  344  310  274  238  205  178  156  138  122  112  110  113  116  115  113
  112  115  118  118  115  114  116  116  113  106   97   88   79   73   76   93
  121  154  186  219  256  296  339  382  427  473  516  549  572  587  599  610
  619  625  632  643  655  665  668  666  665  667  672  676  677  675  671  662
  645  613  569  519  475  442  419  399  374                                   
    15.0-180.0 180.0   5.0 450.0                            LAT/LON1/LON2/DLON/H
  426  400  366  329  292  260  233  211  188  166  147  136  132  129  124  117
  115  118  121  120  116  113  112  111  105   96   86   76   65   59   64   85
  118  156  192  228  267  310  353  395  436  478  517  548  566  576  582  587
  590  592  597  607  619  629  633  635  637  645  654  663  668  670  671  671
  663  642  607  562  518  485  463  446  426                                   
    12.5-180.0 180.0   5.0 450.0                            LAT/LON1/LON2/DLON/H
  452  431  401  368  337  311  291  271  248  219  192  172  159  149  137  125
  119  120  122  119  113  108  104  100   92   82   72   62   53   48   55   80
  117  159  199  237  278  322  365  404  441  477  512  540  557  565  568  569
  568  568  571  580  591  600  606  609  614  624  636  646  652  656  659  662
  662  651  624  584  540  504  482  467  452                                   
    10.0-180.0 180.0   5.0 450.0                            LAT/LON1/LON2/DLON/H
  448  432  410  385  364  350  340  329  307  275  241  212  191  173  154  137
  126  123  121  116  108  100   93   87   77   67   58   50   43   41   51   79
  120  165  206  245  287  330  371  407  439  471  503  529  546  556  560  561
  560  559  562  571  582  591  596  602  609  619  629  638  642  643  644  647
  651  646  626  587  541  500  473  459  448                                   
     7.5-180.0 180.0   5.0 450.0                            LAT/LON1/LON2/DLON/H
  419  408  392  378  369  370  374  373  357  325  286  250  222  198  174  151
  136  128  122  113  102   91   82   73   63   53   46   42   38   39   52   83
