gLAB/files/quiet/15_02_2014/esrg0460.14i
     1.0            IONOSPHERE MAPS     GPS                 IONEX VERSION / TYPE
PAR2IONEX           ESA/ESOC            16-FEB-14 03:02     PGM / RUN BY / DATE 
ESOC'S GLOBAL IONOSPHERE MAPS FOR DAY  46, 2014             DESCRIPTION         
SH: SPHERICAL HARMONIC MODEL FROM 199 STATS; N = 15, M = 15 DESCRIPTION         
  2014     2    15     0     0     0                        EPOCH OF FIRST MAP  
  2014     2    16     0     0     0                        EPOCH OF LAST MAP   
  7200                                                      INTERVAL            
    13                                                      # OF MAPS IN FILE   
  NONE                                                      MAPPING FUNCTION    
    10.0                                                    ELEVATION CUTOFF    
One-way carrier phase leveled to code                       OBSERVABLES USED    
   199                                                      # OF STATIONS       
    54                                                      # OF SATELLITES     
  6371.0                                                    BASE RADIUS         
     2                                                      MAP DIMENSION       
   450.0 450.0   0.0                                        HGT1 / HGT2 / DHGT  
    87.5 -87.5  -2.5                                        LAT1 / LAT2 / DLAT  
  -180.0 180.0   5.0                                        LON1 / LON2 / DLON  
    -1                                                      EXPONENT            
TEC/RMS values in 0.1 TECU; 9999, if no value available     COMMENT             
                                                            END OF HEADER       
[from data line 5148]
    13                                                      START OF TEC MAP    
  2014     2    16     0     0     0                        EPOCH OF CURRENT MAP
    87.5-180.0 180.0   5.0 450.0                            LAT/LON1/LON2/DLON/H
  160  162  163  164  165  167  168  168  169  169  170  170  170  170  169  169
  168  167  166  164  163  161  160  158  156  154  152  150  148  147  145  143
  142  140  139  138  137  136  135  135  135  134  134  134  134  134  134  135
  135  135  136  136  137  137  138  139  139  140  141  142  143  144  146  147
  148  150  151  153  154  156  157  159  160                                   
    85.0-180.0 180.0   5.0 450.0                            LAT/LON1/LON2/DLON/H
  174  177  180  183  186  188  190  192  194  195  196  196  196  196  195  194
  193  190  188  185  182  178  174  169  165  160  155  151  146  142  138  135
  132  129  127  126  124  124  123  123  124  124  125  125  126  127  128  129
  129  130  130  131  132  132  133  133  134  135  136  138  139  141  143  146
  148  151  154  157  160  164  167  170  174                                   
    82.5-180.0 180.0   5.0 450.0                            LAT/LON1/LON2/DLON/H
  192  197  202  206  210  213  217  219  221  223  224  225  225  225  224  222
  219  216  212  207  202  196  189  182  174  166  158  150  143  136  129  124
  120  116  114  113  112  113  114  115  117  119  121  123  125  127  128  129
  130  130  131  131  130  130  130  130  130  131  132  133  135  138  141  145
  149  154  159  164  170  175  181  187  192                                   
    80.0-180.0 180.0   5.0 450.0                            LAT/LON1/LON2/DLON/H
  216  223  229  234  239  243  247  250  252  253  254  254  253  252  250  247
  244  239  234  228  221  213  203  193  182  171  160  148  138  128  120  113
  107  104  102  102  103  105  108  112  116  120  123  127  129  131  132  133
  133  133  132  131  130  128  127  126  125  125  126  127  130  134  138  144
  151  159  167  175  184  192  201  208  216                                   
    77.5-180.0 180.0   5.0 450.0                            LAT/LON1/LON2/DLON/H
  245  254  261  268  273  277  280  282  283  283  283  281  278  275  272  268
  263  257  251  244  235  226  214  202  189  175  161  147  133  121  111  103
   97   94   94   95   99  104  109  115  121  126  130  133  136  137  137  136
  135  134  131  129  126  123  120  118  116  116  116  118  122  127  135  143
  154  165  177  190  202  214  225  236  245                                   
    75.0-180.0 180.0   5.0 450.0                            LAT/LON1/LON2/DLON/H
  277  287  296  303  309  313  316  317  316  314  311  306  301  295  288  282
  275  268  261  253  243  233  221  208  194  178  162  146  131  118  106   98
   92   90   91   95  101  108  116  124  130  135  139  140  141  140  138  135
  132  128  125  121  117  113  109  106  104  103  103  106  111  119  129  142
  157  173  189  206  223  238  253  266  277                                   
    72.5-180.0 180.0   5.0 450.0                            LAT/LON1/LON2/DLON/H
  307  319  328  336  343  348  351  351  349  345  338  330  320  311  301  291
  282  273  264  255  245  235  223  210  196  181  165  148  132  118  106   97
   92   91   94  100  108  118  127  135  141  144  145  144  141  137  132  126
  121  116  111  107  102   98   94   91   89   88   89   93  100  111  124  141
  160  181  202  223  244  263  279  294  307                                   
    70.0-180.0 180.0   5.0 450.0                            LAT/LON1/LON2/DLON/H
  332  344  354  363  371  377  381  382  380  374  364  352  339  324  310  297
  284  273  262  252  242  232  221  209  196  182  168  152  137  122  110  101
   96   96  100  107  117  127  137  144  149  150  147  142  135  127  118  111
  104   98   93   89   85   81   78   76   74   75   77   83   92  105  122  142
  165  190  215  240  263  284  303  318  332                                   
    67.5-180.0 180.0   5.0 450.0                            LAT/LON1/LON2/DLON/H
  349  361  371  381  391  399  405  407  405  399  388  373  356  338  320  303
  287  273  260  247  236  226  215  205  195  183  171  157  143  129  117  107
  102  101  105  113  123  134  143  148  150  148  142  132  122  110  100   90
   83   77   73   70   68   66   65   64   64   66   71   79   90  106  126  149
  175  202  230  256  281  302  321  336  349                                   
    65.0-180.0 180.0   5.0 450.0                            LAT/LON1/LON2/DLON/H
  361  370  380  390  400  410  418  423  423  418  407  391  371  351  330  310
  292  274  258  244  230  219  208  199  191  182  173  162  149  136  123  113
  106  105  108  115  124  133  141  144  143  138  129  117  104   91   79   70
   63   58   56   54   54   55   56   58   61   66   73   84   98  116  138  163
  190  219  247  274  298  319  336  350  361                                   
    62.5-180.0 180.0   5.0 450.0                            LAT/LON1/LON2/DLON/H
  370  376  383  391  401  412  422  430  432  429  419  404  385  364  342  320
  300  280  261  243  227  212  201  192  185  179  172  164  153  140  127  115
  107  103  104  110  117  125  130  132  129  121  111   98   85   72   62   54
   49   46   45   46   47   50   53   58   65   74   85   99  116  137  160  186
  214  242  269  295  317  336  351  362  370                                   
    60.0-180.0 180.0   5.0 450.0                            LAT/LON1/LON2/DLON/H
  381  384  386  391  398  408  418  428  433  432  425  412  395  375  353  332
  310  289  267  246  226  208  195  185  179  174  169  162  152  140  127  114
  104   98   96   99  104  110  113  113  109  101   91   80   69   59   52   47
   44   43   44   45   48   52   58   65   75   88  104  122  143  166  192  218
  244  271  296  319  340  356  369  377  381                                   
    57.5-180.0 180.0   5.0 450.0                            LAT/LON1/LON2/DLON/H
  398  396  393  392  395  402  411  420  427  429  425  415  400  383  363  343
  321  299  275  251  228  207  191  179  172  167  162  156  147  135  122  108
   97   89   86   87   89   93   94   93   89   82   75   67   60   54   51   49
   49   50   51   53   55   59   66   76   90  107  127  150  175  201  228  254
  279  303  325  346  365  381  391  397  398                                   
    55.0-180.0 180.0   5.0 450.0                            LAT/LON1/LON2/DLON/H
  420  414  406  400  397  398  404  411  418  421  420  413  402  388  370  351
  331  308  283  257  232  209  190  176  167  160  154  147  138  127  114  100
   89   81   76   76   77   78   79   77   74   70   65   62   60   59   59   60
   62   64   65   66   67   70   77   88  104  125  150  178  207  236  264  290
  313  334  354  373  391  406  417  422  420                                   
    52.5-180.0 180.0   5.0 450.0                            LAT/LON1/LON2/DLON/H
  444  435  424  412  404  400  401  405  410  414  414  410  402  389  374  356
  336  313  289  263  238  214  194  177  164  154  145  136  127  116  104   93
   83   76   72   70   71   71   71   69   67   66   65   66   68   71   74   78
   81   83   83   82   81   82   88   99  117  141  169  201  233  265  293  318
  340  358  376  394  413  429  441  447  444                                   
    50.0-180.0 180.0   5.0 450.0                            LAT/LON1/LON2/DLON/H
  463  454  441  427  416  408  404  405  407  410  411  409  401  390  375  357
  337  315  292  268  244  221  200  182  166  151  138  127  116  106   97   88
   81   76   73   72   72   73   73   72   71   72   74   78   83   88   92   97
  101  103  102   99   95   94   97  108  127  152  183  217  251  284  312  336
  355  371  388  406  425  444  458  465  463                                   
    47.5-180.0 180.0   5.0 450.0                            LAT/LON1/LON2/DLON/H
  470  463  452  440  429  420  414  411  411  413  413  410  403  391  375  356
  336  315  293  272  251  230  210  190  170  151  134  119  107   99   92   87
   84   81   80   80   81   83   83   83   83   86   90   95  101  106  111  115
  119  120  119  114  108  104  106  116  134  160  191  226  260  293  320  341
  358  372  387  405  426  447  463  471  470                                   
    45.0-180.0 180.0   5.0 450.0                            LAT/LON1/LON2/DLON/H
  463  459  453  446  440  433  427  423  421  420  420  416  407  393  376  356
  335  314  295  276  258  239  220  199  176  154  133  115  102   95   92   90
   90   90   90   92   95   97   98   99  101  104  109  114  119  123  126  130
  133  135  133  128  121  115  115  123  141  166  197  230  264  293  318  336
  350  362  376  394  416  438  455  463  463                                   
    42.5-180.0 180.0   5.0 450.0                            LAT/LON1/LON2/DLON/H
  445  443  443  446  447  446  442  437  433  432  429  424  414  398  379  358
  336  316  298  281  264  247  227  206  182  157  133  114  101   95   95   96
   98   99  101  104  108  111  114  116  119  122  126  131  134  136  138  140
  144  146  145  140  132  126  125  133  149  173  203  234  264  291  312  327
  337  348  361  379  402  423  438  445  445                                   
    40.0-180.0 180.0   5.0 450.0                            LAT/LON1/LON2/DLON/H
  425  425  431  442  453  457  455  450  446  443  439  432  421  405  385  364
  342  322  304  287  269  251  231  209  185  159  135  115  103   99  100  104
  106  107  109  112  117  122  126  130  133  137  141  144  145  145  146  148
  152  155  155  151  144  138  137  144  160  183  211  240  267  290  307  319
  328  338  351  370  392  412  424  427  425                                   
    37.5-180.0 180.0   5.0 450.0                            LAT/LON1/LON2/DLON/H
  417  416  426  444  461  469  468  461  455  451  446  438  426  410  393  373
  353  333  314  294  273  251  230  207  184  160  137  119  108  106  108  112
  113  113  114  116  121  127  133  138  142  146  149  152  152  151  152  154
  159  163  165  161  155  149  148  156  172  195  222  250  275  294  309  319
  329  340  355  375  397  416  425  423  417                                   
    35.0-180.0 180.0   5.0 450.0                            LAT/LON1/LON2/DLON/H
  434  430  441  461  479  486  481  470  461  454  448  439  427  414  400  384
  366  347  325  301  275  249  225  203  182  161  140  124  116  115  117  120
  119  117  115  116  120  127  133  140  145  150  154  156  156  156  156  160
  165  170  172  169  163  158  158  166  182  206  234  262  286  305  319  331
  344  359  377  400  425  444  451  445  434                                   
    32.5-180.0 180.0   5.0 450.0                            LAT/LON1/LON2/DLON/H
  486  479  486  502  515  513  498  480  465  455  446  436  425  415  405  394
  379  360  336  307  275  245  219  199  182  164  146  133  126  125  128  129
  126  121  117  116  119  124  131  138  145  150  154  157  158  159  161  165
  171  175  176  173  167  162  163  171  188  213  243  274  300  321  338  355
  373  395  419  447  475  498  507  500  486                                   
    30.0-180.0 180.0   5.0 450.0                            LAT/LON1/LON2/DLON/H
  572  561  563  571  571  554  524  493  471  456  444  432  421  414  408  401
  390  371  346  313  277  243  218  202  189  174  158  144  138  138  139  139
  134  127  121  118  119  123  130  137  144  150  154  157  159  161  164  169
  174  176  176  171  164  160  160  168  186  213  247  281  312  337  360  384
  412  442  473  507  542  573  588  586  572                                   
    27.5-180.0 180.0   5.0 450.0                            LAT/LON1/LON2/DLON/H
  680  669  665  662  646  609  560  514  483  463  447  432  420  414  411  406
  396  378  352  318  281  249  228  216  207  193  175  160  152  151  152  150
  145  137  131  127  126  128  132  139  145  151  155  158  160  163  166  169
  172  172  168  162  154  149  148  156  175  205  242  282  318  349  380  413
  451  490  529  569  612  653  681  688  680                                   
    25.0-180.0 180.0   5.0 450.0                            LAT/LON1/LON2/DLON/H
  789  782  775  763  730  673  605  545  505  480  460  441  426  418  415  411
  400  382  357  325  292  265  251  245  238  222  199  178  167  165  166  163
  158  152  146  142  140  139  142  146  151  155  158  159  161  162  164  165
  164  160  153  145  137  131  130  138  157  189  231  276  317  355  393  435
  482  528  572  617  668  721  765  787  789                                   
    22.5-180.0 180.0   5.0 450.0                            LAT/LON1/LON2/DLON/H
  875  877  873  855  811  739  655  585  539  510  486  462  443  432  426  418
  405  387  364  337  311  294  288  288  281  258  226  197  181  178  179  178
  174  169  166  163  160  158  157  158  160  161  161  160  159  159  158  155
  149  141  132  123  114  108  108  116  137  171  216  264  311  353  396  445
  497  547  593  639  696  760  820  859  875                                   
    20.0-180.0 180.0   5.0 450.0                            LAT/LON1/LON2/DLON/H
  916  931  935  921  874  794  704  629  581  552  525  497  473  458  446  432
  414  395  376  357  340  332  335  339  329  296  251  213  193  189  191  192
  190  189  188  187  184  180  176  174  172  168  164  160  156  152  147  140
  130  119  108   99   91   86   86   96  119  155  202  253  302  347  392  442
  495  545  587  631  687  759  831  885  916                                   
    17.5-180.0 180.0   5.0 450.0                            LAT/LON1/LON2/DLON/H
  903  932  950  947  907  831  744  672  628  600  572  541  514  494  477  456
  433  413  397  385  376  377  385  390  372  328  271  224  201  198  202  205
  206  208  210  211  208  203  197  190  183  175  166  157  149  142  133  122
  109   97   86   79   72   69   71   84  109  147  195  247  296  340  384  431
  479  522  558  594  646  718  795  860  903                                   
    15.0-180.0 180.0   5.0 450.0                            LAT/LON1/LON2/DLON/H
  839  880  914  928  905  844  768  708  672  649  622  590  561  538  517  491
  463  442  429  421  417  420  429  429  403  347  279  227  204  205  213  219
  222  226  230  231  229  223  215  204  192  178  164  152  141  131  119  105
   91   79   71   66   62   61   66   82  110  150  198  249  297  339  377  417
  456  490  516  542  585  649  723  789  839                                   
    12.5-180.0 180.0   5.0 450.0                            LAT/LON1/LON2/DLON/H
  741  789  838  873  871  832  776  732  708  691  667  636  608  586  562  534
  504  483  470  462  456  454  457  449  414  349  276  223  205  212  225  234
  239  243  246  248  245  238  228  214  197  178  160  145  133  121  108   93
   80   70   66   63   62   63   71   91  124  165  212  261  307  345  378  407
  436  459  475  492  523  574  635  692  741                                   
    10.0-180.0 180.0   5.0 450.0                            LAT/LON1/LON2/DLON/H
  636  685  744  797  818  802  768  743  732  722  701  673  648  629  609  581
  552  531  518  504  488  475  465  446  402  333  262  216  207  222  241  253
  258  260  261  259  255  247  236  219  197  175  155  139  126  115  102   89
   78   73   72   73   73   75   86  111  146  189  234  281  324  360  387  408
  426  440  451  461  481  515  556  596  636                                   
     7.5-180.0 180.0   5.0 450.0                            LAT/LON1/LON2/DLON/H
  554  597  659  722  760  764  751  743  743  739  722  697  678  665  649  626
  601  582  565  543  511  480  453  423  374  308  246  212  215  239  263  277
