gLAB/files/quiet/15_02_2014/esrg0460.14i
     1.0            IONOSPHERE MAPS     GPS                 IONEX VERSION / TYPE
PAR2IONEX           ESA/ESOC            16-FEB-14 03:02     PGM / RUN BY / DATE 
ESOC'S GLOBAL IONOSPHERE MAPS FOR DAY  46, 2014             DESCRIPTION         
SH: SPHERICAL HARMONIC MODEL FROM 199 STATS; N = 15, M = 15 DESCRIPTION         
  2014     2    15     0     0     0                        EPOCH OF FIRST MAP  
  2014     2    16     0     0     0                        EPOCH OF LAST MAP   
  7200                                                      INTERVAL            
    13                                                      # OF MAPS IN FILE   
  NONE                                                      MAPPING FUNCTION    
    10.0                                                    ELEVATION CUTOFF    
One-way carrier phase leveled to code                       OBSERVABLES USED    
   199                                                      # OF STATIONS       
    54                                                      # OF SATELLITES     
  6371.0                                                    BASE RADIUS         
     2                                                      MAP DIMENSION       
   450.0 450.0   0.0                                        HGT1 / HGT2 / DHGT  
    87.5 -87.5  -2.5                                        LAT1 / LAT2 / DLAT  
  -180.0 180.0   5.0                                        LON1 / LON2 / DLON  
    -1                                                      EXPONENT            
TEC/RMS values in 0.1 TECU; 9999, if no value available     COMMENT             
                                                            END OF HEADER       
[from data line 429]
     2                                                      START OF TEC MAP    
  2014     2    15     2     0     0                        EPOCH OF CURRENT MAP
    87.5-180.0 180.0   5.0 450.0                            LAT/LON1/LON2/DLON/H
  118  119  119  120  121  121  121  121  122  122  122  122  122  122  121  121
  121  120  120  119  118  117  117  116  114  113  112  111  110  109  107  106
  105  104  103  102  101  100   99   98   97   97   96   96   96   96   95   96
   96   96   96   97   97   98   99  100  101  102  103  104  105  107  108  109
  110  111  113  114  115  116  117  117  118                                   
    85.0-180.0 180.0   5.0 450.0                            LAT/LON1/LON2/DLON/H
  130  131  131  132  132  132  132  133  133  133  133  133  132  132  132  132
  131  131  130  129  128  126  124  122  120  118  116  113  111  108  105  103
  100   98   96   94   92   90   89   88   86   85   85   84   84   83   83   83
   84   84   85   86   87   89   90   92   94   97   99  102  105  108  110  113
  116  118  121  123  125  127  128  129  130                                   
    82.5-180.0 180.0   5.0 450.0                            LAT/LON1/LON2/DLON/H
  147  147  146  146  145  144  143  142  141  141  140  140  140  139  139  139
  139  138  138  136  135  133  131  128  125  121  118  114  110  106  102   98
   94   91   88   85   83   81   80   78   77   76   76   75   74   74   74   74
   74   75   75   77   78   80   83   86   90   94   98  103  108  113  118  123
  127  131  135  138  141  143  145  146  147                                   
    80.0-180.0 180.0   5.0 450.0                            LAT/LON1/LON2/DLON/H
  169  167  166  163  160  157  155  152  149  147  145  144  143  143  142  142
  142  141  141  140  138  136  133  130  126  122  117  112  107  101   96   92
   87   83   80   77   75   73   72   71   71   70   70   69   69   68   68   67
   67   67   68   69   71   74   77   82   87   93  100  107  114  122  130  137
  144  150  156  160  164  167  168  169  169                                   
    77.5-180.0 180.0   5.0 450.0                            LAT/LON1/LON2/DLON/H
  195  192  189  184  179  174  168  163  158  153  150  146  144  142  141  140
  139  139  138  137  136  134  131  128  124  119  114  108  102   96   90   85
   80   76   73   70   69   68   67   67   67   67   67   67   66   65   64   63
   62   62   62   63   65   69   73   79   87   95  104  114  124  134  145  155
  164  173  180  186  191  194  196  196  195                                   
    75.0-180.0 180.0   5.0 450.0                            LAT/LON1/LON2/DLON/H
  223  219  214  208  201  193  185  177  169  162  155  149  144  140  136  134
  132  131  130  129  128  126  124  121  118  113  108  103   97   91   85   80
   75   71   68   66   64   64   64   64   65   66   66   66   65   64   62   60
   58   57   57   58   61   65   72   80   89  100  111  124  136  149  162  174
  185  196  205  212  218  222  224  225  223                                   
    72.5-180.0 180.0   5.0 450.0                            LAT/LON1/LON2/DLON/H
  248  244  239  232  224  214  204  194  183  173  163  153  144  137  130  125
  121  118  116  115  114  114  113  111  109  105  102   97   92   87   82   77
   72   68   65   63   62   61   62   63   64   65   65   65   64   62   60   57
   55   53   53   55   59   65   73   83   95  109  123  137  151  166  179  193
  205  216  226  235  242  246  249  249  248                                   
    70.0-180.0 180.0   5.0 450.0                            LAT/LON1/LON2/DLON/H
  266  264  259  253  245  236  225  213  200  187  173  160  147  136  125  116
  109  104  101   99   99   99   99   99   98   97   95   92   89   85   81   76
   72   68   64   62   60   59   59   60   62   63   63   63   62   60   57   54
   52   50   50   53   58   67   78   91  106  122  138  154  169  183  197  209
  221  232  242  251  257  263  266  267  266                                   
    67.5-180.0 180.0   5.0 450.0                            LAT/LON1/LON2/DLON/H
  276  275  272  268  262  253  243  231  217  202  186  170  153  137  123  110
   99   91   87   84   84   85   86   88   89   89   89   88   86   83   80   76
   72   67   64   60   58   57   56   57   58   59   60   60   59   57   54   51
   49   48   49   53   61   72   86  103  121  139  157  173  188  201  213  224
  234  243  252  259  265  270  273  275  276                                   
    65.0-180.0 180.0   5.0 450.0                            LAT/LON1/LON2/DLON/H
  276  277  278  276  272  266  257  245  231  215  198  180  161  142  123  107
   93   83   76   73   73   74   77   79   81   82   83   83   83   82   79   76
   71   67   62   58   55   53   52   53   53   54   55   55   55   53   51   49
   47   47   50   56   66   80   98  118  139  160  179  196  210  221  230  238
  245  252  257  262  266  270  272  275  276                                   
    62.5-180.0 180.0   5.0 450.0                            LAT/LON1/LON2/DLON/H
  271  274  277  278  277  272  265  254  240  225  207  188  168  147  127  108
   92   80   72   68   68   70   72   74   76   78   79   80   80   79   77   74
   70   65   60   56   52   50   49   49   49   50   51   52   52   51   50   48
   47   48   53   61   73   91  111  135  159  182  202  219  232  241  248  253
  257  260  263  265  266  266  267  269  271                                   
    60.0-180.0 180.0   5.0 450.0                            LAT/LON1/LON2/DLON/H
  266  269  274  277  277  274  267  257  243  228  211  192  173  152  131  111
   94   81   73   69   69   70   72   73   74   75   75   76   76   76   75   72
   68   63   58   53   50   48   47   46   47   48   50   51   51   52   51   51
   51   53   59   68   83  102  126  151  177  202  224  241  253  261  266  269
  271  272  271  270  267  265  263  263  266                                   
    57.5-180.0 180.0   5.0 450.0                            LAT/LON1/LON2/DLON/H
  264  268  273  277  278  275  267  255  241  226  209  192  173  154  134  115
   98   86   78   75   74   75   76   75   74   73   72   73   73   73   72   69
   66   61   57   53   50   48   48   48   49   50   52   54   55   56   57   57
   58   61   68   79   94  115  139  166  194  220  242  260  272  280  285  287
  287  287  284  280  274  269  264  262  264                                   
    55.0-180.0 180.0   5.0 450.0                            LAT/LON1/LON2/DLON/H
  268  272  277  281  282  277  267  253  237  220  204  187  170  152  134  117
  101   90   83   81   81   81   80   78   75   72   71   71   71   72   71   69
   66   62   58   55   54   53   53   54   55   57   59   61   63   65   66   67
   69   73   80   91  107  128  153  180  207  233  256  274  287  296  301  304
  305  304  301  295  287  278  272  268  268                                   
    52.5-180.0 180.0   5.0 450.0                            LAT/LON1/LON2/DLON/H
  279  282  287  290  290  283  271  254  235  216  197  180  164  147  131  115
  102   92   87   86   86   87   85   81   76   72   71   71   72   74   73   72
   69   66   64   62   61   61   62   64   66   68   70   73   76   78   79   80
   82   86   93  105  122  142  166  191  217  242  264  283  296  306  313  318
  321  322  319  312  303  292  284  279  279                                   
    50.0-180.0 180.0   5.0 450.0                            LAT/LON1/LON2/DLON/H
  292  295  300  303  301  294  280  261  239  216  195  175  157  140  125  111
   99   91   88   88   90   90   88   84   78   74   73   75   77   79   79   78
   76   74   72   71   71   72   74   76   79   81   84   87   90   92   93   94
   95   99  107  120  137  157  179  202  225  248  269  286  300  311  320  327
  333  335  333  327  317  306  297  292  292                                   
    47.5-180.0 180.0   5.0 450.0                            LAT/LON1/LON2/DLON/H
  302  305  310  313  313  306  292  272  249  224  199  175  154  135  119  106
   95   89   86   88   91   93   91   86   81   78   78   81   85   87   88   87
   85   84   82   82   82   84   86   89   92   95   98  101  104  107  107  107
  108  112  121  135  153  173  193  213  233  252  271  287  300  312  321  330
  338  342  341  335  325  314  306  302  302                                   
    45.0-180.0 180.0   5.0 450.0                            LAT/LON1/LON2/DLON/H
  305  308  312  316  318  314  304  287  265  239  211  183  156  134  116  102
   93   87   85   88   92   95   94   90   86   84   86   90   95   97   98   96
   95   94   92   92   92   94   96  100  104  107  111  114  117  119  119  117
  118  122  132  149  169  190  209  227  243  258  274  288  300  311  321  331
  339  344  343  336  326  315  308  305  305                                   
    42.5-180.0 180.0   5.0 450.0                            LAT/LON1/LON2/DLON/H
  301  302  305  309  314  315  311  300  283  259  229  197  165  138  118  104
   94   88   87   90   96  100  100   97   93   92   95  100  104  106  106  104
  103  102  101  100  100  101  104  108  112  116  120  124  126  127  126  124
  124  129  141  160  183  206  226  242  255  267  280  293  304  313  323  333
  341  345  343  334  322  312  306  302  301                                   
    40.0-180.0 180.0   5.0 450.0                            LAT/LON1/LON2/DLON/H
  295  291  290  293  299  306  309  307  297  278  250  215  179  149  126  112
  102   95   93   97  103  109  110  107  103  102  104  109  112  112  111  109
  108  108  107  105  105  106  109  114  118  122  126  129  131  131  129  126
  126  132  147  169  196  222  243  258  270  281  293  305  315  324  333  343
  351  353  348  336  322  311  304  299  295                                   
    37.5-180.0 180.0   5.0 450.0                            LAT/LON1/LON2/DLON/H
  294  283  274  273  280  289  299  304  303  292  268  233  196  163  139  124
  114  107  104  107  114  121  123  119  114  111  112  115  116  115  113  111
  111  111  111  109  108  109  112  117  122  125  128  130  131  131  128  125
  125  132  149  175  206  235  258  275  287  298  312  325  338  348  357  367
  374  375  366  351  335  323  314  305  294                                   
    35.0-180.0 180.0   5.0 450.0                            LAT/LON1/LON2/DLON/H
  311  289  270  262  263  272  283  293  299  296  278  247  210  177  154  140
  130  121  117  119  127  134  136  131  124  119  118  118  118  115  113  112
  114  116  116  114  112  112  115  119  123  125  126  127  127  126  123  120
  121  130  149  178  212  245  271  290  305  320  337  355  371  385  397  408
  416  416  405  387  369  355  344  330  311                                   
    32.5-180.0 180.0   5.0 450.0                            LAT/LON1/LON2/DLON/H
  353  319  288  269  262  263  269  278  287  290  279  254  220  189  167  154
  143  133  128  129  137  145  147  140  131  124  121  120  118  116  114  116
  119  123  124  121  118  117  119  121  124  124  122  121  120  118  115  113
  116  126  148  179  215  251  280  303  323  343  367  391  414  434  450  465
  476  476  465  446  427  412  400  381  353                                   
    30.0-180.0 180.0   5.0 450.0                            LAT/LON1/LON2/DLON/H
  423  378  336  305  286  274  268  267  273  278  273  253  224  195  175  162
  151  140  132  134  142  150  151  144  134  126  123  121  120  120  121  125
  131  135  136  132  127  124  123  124  123  120  116  113  111  109  107  106
  110  123  146  178  216  253  286  313  338  366  397  431  462  488  511  532
  546  550  541  523  506  493  481  459  423                                   
    27.5-180.0 180.0   5.0 450.0                            LAT/LON1/LON2/DLON/H
  516  465  414  373  340  312  286  269  264  266  263  248  223  197  178  164
  151  138  129  131  139  148  149  142  133  128  126  127  128  130  135  142
  149  153  152  147  139  132  128  126  122  116  109  104  101   99   98   99
  105  120  145  177  215  253  288  320  351  386  426  468  507  541  570  597
  617  625  620  607  595  587  578  555  516                                   
    25.0-180.0 180.0   5.0 450.0                            LAT/LON1/LON2/DLON/H
  618  566  513  466  423  377  330  291  269  262  257  244  221  196  176  160
  145  130  121  122  131  139  140  136  132  131  134  139  144  150  158  166
  172  174  171  162  151  140  132  126  120  111  102   95   92   90   90   92
  101  118  144  177  213  251  288  324  361  403  450  498  543  583  618  649
  673  687  688  682  678  678  674  656  618                                   
    22.5-180.0 180.0   5.0 450.0                            LAT/LON1/LON2/DLON/H
  711  666  618  572  522  463  396  335  293  273  262  247  224  198  175  156
  137  121  113  115  123  129  130  130  133  141  151  160  168  178  188  196
  199  197  189  176  161  146  134  125  116  106   96   88   84   83   83   87
   97  116  144  176  212  249  287  326  368  415  466  518  566  608  645  678
  705  723  730  733  738  747  752  742  711                                   
    20.0-180.0 180.0   5.0 450.0                            LAT/LON1/LON2/DLON/H
  776  744  708  670  623  557  476  396  336  301  281  262  237  209  181  157
  136  120  113  116  122  125  126  131  144  162  179  191  201  211  220  225
  223  215  202  186  167  148  133  122  112  102   91   83   79   78   79   82
   93  114  143  176  211  247  286  328  373  422  475  526  573  613  648  679
  705  725  737  748  762  781  796  795  776                                   
    17.5-180.0 180.0   5.0 450.0                            LAT/LON1/LON2/DLON/H
  801  785  766  743  706  643  558  468  394  346  317  293  265  232  201  172
  149  134  130  133  135  134  133  143  167  195  218  231  238  245  251  250
  241  225  208  188  167  146  129  118  108   99   88   81   77   76   75   78
   89  111  141  175  210  246  285  328  375  425  475  523  565  600  629  654
  677  695  710  726  747  773  796  806  801                                   
    15.0-180.0 180.0   5.0 450.0                            LAT/LON1/LON2/DLON/H
  782  784  783  778  756  706  628  538  459  403  367  338  307  272  237  205
  182  170  169  172  169  160  156  170  203  241  266  276  276  275  274  265
  248  226  205  184  163  142  125  114  107   98   89   81   77   75   72   73
   83  106  138  174  209  244  284  328  376  424  470  512  547  574  595  613
  628  642  656  674  699  728  755  774  782                                   
    12.5-180.0 180.0   5.0 450.0                            LAT/LON1/LON2/DLON/H
  728  744  760  772  768  737  676  597  522  464  424  393  361  326  289  257
  235  227  229  230  220  202  193  210  251  294  319  320  309  297  287  270
  245  218  195  175  156  137  122  113  108  100   91   83   78   74   69   68
   77  100  134  171  207  243  283  328  375  420  462  497  525  545  558  567
  573  581  593  610  633  660  687  710  728                                   
    10.0-180.0 180.0   5.0 450.0                            LAT/LON1/LON2/DLON/H
  657  682  709  732  745  734  696  637  574  521  482  452  423  389  354  322
  303  299  303  301  282  254  239  257  302  348  368  357  332  309  289  265
  235  205  182  165  150  134  122  115  112  105   95   86   79   73   66   62
   70   93  129  168  205  242  281  326  372  415  452  482  505  520  527  530
  530  531  538  551  569  589  611  634  657                                   
     7.5-180.0 180.0   5.0 450.0                            LAT/LON1/LON2/DLON/H
  592  619  648  677  699  707  692  657  611  568  535  509  484  455  422  393
  376  374  379  372  344  305  284  301  348  393  406  383  344  310  282  254
