gLAB/files/quiet/15_02_2014/igsg0460.14i
     1.0            IONOSPHERE MAPS     MIX                 IONEX VERSION / TYPE
cmpcmb v1.2          GRL/UWM            23-feb-14 20:34     PGM / RUN BY / DATE 
ionex file containing IGS COMBINED Ionosphere maps          COMMENT             
global ionosphere maps for day 046, 2014                    DESCRIPTION         
IONEX file containing the COMBINED IGS TEC MAPS and DCBs    DESCRIPTION         
      IONEX files of the following IAACs were combined: cod DESCRIPTION         
                                                        esa DESCRIPTION         
                                                        jpl DESCRIPTION         
Contact address: Andrzej Krankowski                         DESCRIPTION
                 Geodynamics Research Laboratory            DESCRIPTION
                 University of Warmia and Mazury (GRL/UWM)  DESCRIPTION
                 Oczapowski St. 1                           DESCRIPTION
                 10-957-Olsztyn, POLAND                     DESCRIPTION
                 e-mail:  kand@uwm.edu.pl                   DESCRIPTION
                                                            DESCRIPTION         
  2014     2    15     0     0     0                        EPOCH OF FIRST MAP  
  2014     2    16     0     0     0                        EPOCH OF LAST MAP   
  7200                                                      INTERVAL            
    13                                                      # OF MAPS IN FILE   
  COSZ                                                      MAPPING FUNCTION    
     0.0                                                    ELEVATION CUTOFF    
combined TEC calculated as weighted mean of input TEC valuesOBSERVABLES USED    
   377                                                      # OF STATIONS       
    31                                                      # OF SATELLITES     
  6371.0                                                    BASE RADIUS         
     2                                                      MAP DIMENSION       
   450.0 450.0   0.0                                        HGT1 / HGT2 / DHGT  
    87.5 -87.5  -2.5                                        LAT1 / LAT2 / DLAT  
  -180.0 180.0   5.0                                        LON1 / LON2 / DLON  
    -1                                                      EXPONENT            
TEC values in 0.1 tec units;  9999, if no value available   COMMENT             
DCB values in nanoseconds, reference is Sum_of_SatDCBs = 0  COMMENT             
                                                            END OF HEADER       
[from data line 858]
     3                                                      START OF TEC MAP    
  2014     2    15     4     0     0                        EPOCH OF CURRENT MAP
    87.5-180.0 180.0   5.0 450.0                            LAT/LON1/LON2/DLON/H
  142  141  140  139  138  137  136  136  135  134  134  133  132  132  131  131
  130  130  130  129  129  128  128  127  127  126  126  126  125  125  125  124
  124  124  124  124  124  124  124  124  125  125  125  126  127  128  128  129
  130  131  133  134  135  137  138  139  140  141  143  143  144  144  145  146
  146  146  146  145  145  144  144  143  142
    85.0-180.0 180.0   5.0 450.0                            LAT/LON1/LON2/DLON/H
  150  147  144  141  139  137  134  133  131  130  129  128  127  127  127  126
  126  126  126  125  125  124  124  123  122  121  120  119  118  117  116  116
  115  114  114  113  113  113  113  113  113  114  115  115  117  118  120  122
  124  127  129  133  136  139  142  146  149  152  155  158  160  162  163  164
  164  163  162  161  160  157  155  153  150
    82.5-180.0 180.0   5.0 450.0                            LAT/LON1/LON2/DLON/H
  160  154  148  143  138  133  130  126  124  122  121  120  120  120  121  121
  122  122  122  122  122  121  120  118  117  115  113  112  110  109  107  106
  105  104  104  103  103  103  102  102  102  103  103  104  105  107  109  112
  116  120  125  130  135  142  148  155  160  167  172  176  181  184  186  188
  188  187  185  183  179  175  170  165  160
    80.0-180.0 180.0   5.0 450.0                            LAT/LON1/LON2/DLON/H
  172  163  155  146  138  131  125  120  116  113  112  111  111  112  113  115
  116  117  118  118  118  117  115  112  111  108  105  102  100   98   96   95
   94   93   93   93   93   93   93   93   93   93   93   94   95   96   99  103
  107  113  120  127  136  146  155  165  174  183  191  199  205  210  213  215
  215  214  212  208  203  196  189  181  172
    77.5-180.0 180.0   5.0 450.0                            LAT/LON1/LON2/DLON/H
  189  177  165  153  142  132  123  116  110  106  104  103  104  105  106  108
  110  111  112  113  112  111  109  106  102   99   95   92   89   87   85   84
   83   83   84   85   86   86   87   86   86   85   85   84   85   86   90   94
  100  108  117  127  139  152  165  177  190  201  211  221  228  234  239  241
  242  241  238  233  227  219  210  200  189
    75.0-180.0 180.0   5.0 450.0                            LAT/LON1/LON2/DLON/H
  208  194  180  165  151  138  126  116  109  103   99   98   97   98   99  100
  102  104  104  105  105  103  101   98   95   91   86   82   79   76   74   74
   74   75   77   79   81   82   82   82   81   80   78   77   77   79   82   87
   95  105  117  130  146  161  177  192  206  219  230  240  248  254  258  260
  262  261  259  255  249  241  232  220  208
    72.5-180.0 180.0   5.0 450.0                            LAT/LON1/LON2/DLON/H
  228  213  198  181  165  150  135  123  113  105   99   96   93   92   92   92
   93   94   95   96   96   96   94   92   89   85   81   77   74   70   68   67
   68   69   72   75   77   79   79   79   77   75   73   71   70   72   76   83
   93  106  121  138  156  174  191  208  223  235  245  254  260  265  269  272
  273  272  271  269  264  258  250  240  228
    70.0-180.0 180.0   5.0 450.0                            LAT/LON1/LON2/DLON/H
  245  232  217  200  183  166  149  135  122  112  103   97   92   88   86   84
   84   85   86   88   89   90   89   88   85   83   79   76   72   69   67   65
   65   67   69   71   74   75   76   75   73   70   67   65   64   67   72   82
   94  111  129  149  170  190  208  224  238  249  257  263  267  269  271  272
  273  274  274  273  272  268  263  255  245
    67.5-180.0 180.0   5.0 450.0                            LAT/LON1/LON2/DLON/H
  258  248  234  219  201  183  165  149  134  121  110  100   92   86   81   78
   76   77   78   80   82   84   86   86   85   84   82   78   75   71   68   66
   64   65   66   68   70   71   71   69   67   64   61   59   59   63   71   82
   99  118  141  163  186  207  226  241  252  260  265  267  267  267  267  266
  266  267  269  270  271  271  269  265  258
    65.0-180.0 180.0   5.0 450.0                            LAT/LON1/LON2/DLON/H
  265  257  247  232  216  198  180  162  145  130  116  104   94   86   79   75
   72   72   73   76   79   82   85   87   87   87   85   83   80   76   71   68
   65   63   63   64   64   64   64   63   60   57   55   54   55   61   71   86
  106  129  154  180  204  225  243  256  265  269  270  269  266  263  260  258
  257  258  260  262  265  268  269  268  265
    62.5-180.0 180.0   5.0 450.0                            LAT/LON1/LON2/DLON/H
  264  260  252  240  225  208  189  170  152  136  121  108   96   86   79   73
   71   71   72   75   79   82   86   88   89   90   89   87   84   79   74   69
   65   62   59   58   58   57   56   55   54   51   50   50   53   61   74   92
  115  141  169  196  221  243  259  270  276  279  277  273  267  262  257  254
  252  252  252  255  258  261  264  265  264
    60.0-180.0 180.0   5.0 450.0                            LAT/LON1/LON2/DLON/H
  260  257  251  242  228  211  192  173  155  138  123  109   98   88   80   75
   73   72   74   76   80   84   87   89   90   91   90   88   85   81   75   70
   64   60   56   54   52   51   50   50   49   48   48   49   54   64   79  100
  125  154  183  212  236  257  272  282  287  288  286  281  274  267  262  258
  254  253  252  253  254  257  258  260  260
    57.5-180.0 180.0   5.0 450.0                            LAT/LON1/LON2/DLON/H
  254  252  247  238  225  208  189  170  152  135  120  108   97   89   82   78
   76   76   78   80   83   85   87   88   89   90   89   88   85   80   75   69
   63   59   55   52   49   48   47   47   48   48   49   52   58   69   87  110
  137  167  197  224  248  268  282  292  298  299  298  293  287  281  275  270
  266  263  260  258  257  256  256  256  254
    55.0-180.0 180.0   5.0 450.0                            LAT/LON1/LON2/DLON/H
  253  249  243  234  219  202  183  163  145  129  116  104   95   88   83   80
   80   80   81   83   84   85   86   87   87   88   88   86   84   79   74   69
   64   60   56   53   51   50   50   51   52   53   55   59   66   78   97  121
  150  179  208  234  257  275  289  300  307  311  312  310  305  300  295  289
  284  280  276  271  267  263  259  256  253
    52.5-180.0 180.0   5.0 450.0                            LAT/LON1/LON2/DLON/H
  257  251  243  231  216  197  176  156  138  122  110   99   92   86   83   81
   81   82   83   84   84   84   85   85   86   87   87   87   84   80   75   71
   67   64   62   60   59   58   58   59   61   63   65   68   75   89  109  134
  163  191  218  241  262  279  294  306  316  323  326  327  324  320  315  309
  304  299  293  288  282  275  269  263  257
    50.0-180.0 180.0   5.0 450.0                            LAT/LON1/LON2/DLON/H
  268  259  249  235  217  195  172  151  132  116  104   95   88   84   81   80
   80   80   81   82   83   84   84   85   87   89   91   91   89   85   80   76
   73   72   72   71   71   70   71   73   74   75   76   80   88  101  122  148
  176  203  227  247  265  281  295  309  321  331  338  340  339  335  329  323
  318  312  308  302  296  290  283  275  268
    47.5-180.0 180.0   5.0 450.0                            LAT/LON1/LON2/DLON/H
  282  272  261  244  224  200  174  151  131  114  102   93   86   81   78   76
   76   77   78   80   81   83   86   89   92   95   98   99   97   93   89   85
   83   83   83   84   85   85   86   88   89   89   89   92  100  115  137  163
  190  214  235  252  268  282  296  310  323  334  343  346  345  341  334  327
  321  317  312  309  305  301  296  289  282
    45.0-180.0 180.0   5.0 450.0                            LAT/LON1/LON2/DLON/H
  295  286  274  258  236  210  182  156  134  117  103   94   86   80   76   73
   72   73   75   78   81   86   90   95  101  105  109  110  108  104   99   95
   93   94   96   98   99  100  100  102  102  101  100  103  111  128  151  177
  203  225  242  257  270  283  296  310  323  334  342  345  343  338  330  321
  314  310  307  306  306  306  304  300  295
    42.5-180.0 180.0   5.0 450.0                            LAT/LON1/LON2/DLON/H
  302  296  286  271  249  223  194  166  142  123  109   98   90   82   77   72
   71   71   74   78   84   92   99  106  111  117  120  122  120  116  111  106
  104  105  107  109  110  111  112  113  113  111  109  112  121  139  164  191
  216  234  249  261  274  287  299  311  323  333  339  341  338  331  321  311
  303  298  296  297  299  303  305  305  302
    40.0-180.0 180.0   5.0 450.0                            LAT/LON1/LON2/DLON/H
  302  299  292  278  258  234  205  176  150  131  117  106   96   88   81   76
   73   74   77   83   92  101  110  118  123  127  130  131  130  126  121  115
  113  113  115  117  117  118  119  120  120  117  115  118  129  150  176  203
  226  242  255  268  281  294  306  318  328  337  342  343  340  333  321  309
  299  291  287  287  290  295  300  302  302
    37.5-180.0 180.0   5.0 450.0                            LAT/LON1/LON2/DLON/H
  296  294  288  277  262  240  212  183  157  138  125  115  105   97   89   83
   81   82   87   94  102  112  121  128  131  134  135  137  136  133  128  122
  119  118  119  120  120  120  122  123  123  120  118  122  136  158  187  213
  234  249  262  275  291  307  322  334  345  354  360  363  361  354  342  328
  315  304  296  290  289  291  294  296  296
    35.0-180.0 180.0   5.0 450.0                            LAT/LON1/LON2/DLON/H
  290  285  278  269  256  237  212  184  159  142  131  123  114  106   99   95
   93   95  100  106  114  122  129  133  135  135  136  138  139  138  134  127
  123  121  121  120  119  119  120  123  123  119  118  124  140  165  195  222
  242  256  270  287  308  329  348  364  378  391  401  408  409  405  394  380
  364  348  332  318  308  302  299  295  290
    32.5-180.0 180.0   5.0 450.0                            LAT/LON1/LON2/DLON/H
  295  281  268  256  244  228  205  179  155  140  132  127  120  114  109  106
  106  109  114  119  123  128  132  134  133  132  133  137  141  142  139  132
  126  123  121  118  115  114  116  119  120  117  116  124  143  171  202  230
  250  264  281  304  332  360  386  408  430  450  468  481  488  488  481  468
  449  426  402  378  357  339  325  310  295
    30.0-180.0 180.0   5.0 450.0                            LAT/LON1/LON2/DLON/H
  320  292  268  249  233  217  194  169  147  134  129  126  122  118  114  114
  116  120  125  127  128  129  129  129  129  129  132  138  146  150  147  139
  131  126  122  117  111  109  110  114  115  114  114  124  145  176  208  237
  258  277  299  328  364  400  434  466  496  526  553  574  588  595  594  583
  563  536  503  469  436  407  379  350  320
    27.5-180.0 180.0   5.0 450.0                            LAT/LON1/LON2/DLON/H
  370  325  286  256  233  212  187  161  139  127  123  122  120  117  115  116
  119  125  129  130  128  125  124  125  127  129  136  146  157  162  159  149
  138  130  123  116  108  104  105  109  110  109  110  123  147  180  214  245
  270  294  321  358  401  445  487  526  567  606  641  669  690  704  709  703
  684  656  620  580  541  503  463  418  370
    25.0-180.0 180.0   5.0 450.0                            LAT/LON1/LON2/DLON/H
  447  385  329  285  251  221  191  161  137  123  118  117  116  114  112  113
  116  122  126  127  125  121  121  125  132  140  150  163  175  180  175  161
  147  135  126  116  106  100  100  104  105  105  108  121  148  183  219  254
  284  314  349  391  439  489  536  582  628  674  715  747  772  791  802  802
  788  763  728  689  650  611  566  510  447
    22.5-180.0 180.0   5.0 450.0                            LAT/LON1/LON2/DLON/H
  540  466  396  339  292  252  212  175  146  129  122  120  117  113  109  106
  108  114  120  122  122  121  126  136  149  163  177  191  201  203  193  174
  155  141  129  118  106   98   97  100  101  100  104  120  148  185  224  263
  299  336  376  423  474  525  574  621  669  716  758  790  815  836  851  855
  848  831  803  772  742  711  669  610  540
    20.0-180.0 180.0   5.0 450.0                            LAT/LON1/LON2/DLON/H
  631  553  477  412  356  305  254  208  173  151  140  135  130  122  112  105
  103  108  116  122  127  133  144  162  182  200  214  226  232  227  210  186
  162  145  133  120  107   98   96   97   97   95  100  118  148  187  229  271
  314  357  402  451  500  549  594  638  681  724  760  788  809  827  842  851
  852  845  830  812  797  781  751  700  631
    17.5-180.0 180.0   5.0 450.0                            LAT/LON1/LON2/DLON/H
  706  634  560  493  434  374  314  259  219  193  178  169  161  148  132  117
  110  113  123  135  147  160  179  203  227  245  256  261  260  248  223  192
  165  147  135  124  111  101   96   95   93   91   96  116  148  188  233  278
  325  374  421  469  514  558  597  633  668  701  728  748  761  773  784  795
  802  805  803  800  804  809  799  763  706
    15.0-180.0 180.0   5.0 450.0                            LAT/LON1/LON2/DLON/H
  750  693  630  570  513  451  385  325  281  253  236  225  214  196  173  150
  137  137  148  167  186  206  229  255  277  291  294  291  280  259  228  193
  164  147  137  128  115  105   98   94   90   87   92  113  147  189  235  283
  333  383  432  477  517  554  586  613  637  659  676  685  690  694  701  711
  723  734  741  750  770  793  803  789  750
    12.5-180.0 180.0   5.0 450.0                            LAT/LON1/LON2/DLON/H
  762  724  678  631  583  525  459  397  352  324  307  297  285  266  236  206
  186  184  198  221  246  268  290  312  326  329  321  306  286  259  224  188
  160  145  139  132  121  109  102   95   88   83   89  111  146  189  235  284
  334  385  433  475  511  541  567  586  601  613  620  622  621  619  621  630
  644  658  670  686  714  749  775  780  762
    10.0-180.0 180.0   5.0 450.0                            LAT/LON1/LON2/DLON/H
  749  729  701  670  636  587  525  465  422  396  381  373  364  346  315  280
  256  252  267  294  321  340  354  364  365  352  329  303  276  247  213  179
  154  144  142  137  126  115  106   97   88   82   87  109  145  188  234  281
  330  379  425  464  497  525  547  562  573  579  581  581  576  573  573  581
  595  608  619  634  661  699  733  751  749
     7.5-180.0 180.0   5.0 450.0                            LAT/LON1/LON2/DLON/H
  728  721  707  691  669  631  577  522  483  459  446  439  434  421  393  358
  334  329  347  376  400  410  411  404  387  357  320  285  256  228  198  170
  152  146  146  142  133  121  110  100   89   81   87  110  145  187  231  275
  321  366  409  448  481  511  533  549  559  565  570  571  570  570  574  584
  597  607  612  619  636  666  697  720  728
     5.0-180.0 180.0   5.0 450.0                            LAT/LON1/LON2/DLON/H
  711  710  704  699  687  659  613  564  526  503  490  483  482  475  453  423
  402  400  419  447  466  466  451  426  392  347  299  259  231  208  186  166
  154  150  151  147  137  125  115  103   90   82   88  110  146  187  227  268
  309  349  390  428  464  498  526  546  562  574  585  594  601  609  621  636
  650  657  656  651  652  666  685  703  711
     2.5-180.0 180.0   5.0 450.0                            LAT/LON1/LON2/DLON/H
  710  706  703  702  696  674  635  589  551  525  508  498  496  493  481  461
  445  445  465  492  506  494  465  427  380  326  274  234  209  193  181  169
  161  158  157  150  140  129  118  107   93   85   91  114  150  187  224  260
  296  332  369  407  448  488  523  551  576  600  622  641  660  679  701  723
  739  744  737  721  706  700  704  710  710
