gLAB/files/quiet/15_02_2014/igsg0460.14i
     1.0            IONOSPHERE MAPS     MIX                 IONEX VERSION / TYPE
cmpcmb v1.2          GRL/UWM            23-feb-14 20:34     PGM / RUN BY / DATE 
ionex file containing IGS COMBINED Ionosphere maps          COMMENT             
global ionosphere maps for day 046, 2014                    DESCRIPTION         
IONEX file containing the COMBINED IGS TEC MAPS and DCBs    DESCRIPTION         
      IONEX files of the following IAACs were combined: cod DESCRIPTION         
                                                        esa DESCRIPTION         
                                                        jpl DESCRIPTION         
Contact address: Andrzej Krankowski                         DESCRIPTION
                 Geodynamics Research Laboratory            DESCRIPTION
                 University of Warmia and Mazury (GRL/UWM)  DESCRIPTION
                 Oczapowski St. 1                           DESCRIPTION
                 10-957-Olsztyn, POLAND                     DESCRIPTION
                 e-mail:  kand@uwm.edu.pl                   DESCRIPTION
                                                            DESCRIPTION         
  2014     2    15     0     0     0                        EPOCH OF FIRST MAP  
  2014     2    16     0     0     0                        EPOCH OF LAST MAP   
  7200                                                      INTERVAL            
    13                                                      # OF MAPS IN FILE   
  COSZ                                                      MAPPING FUNCTION    
     0.0                                                    ELEVATION CUTOFF    
combined TEC calculated as weighted mean of input TEC valuesOBSERVABLES USED    
   377                                                      # OF STATIONS       
    31                                                      # OF SATELLITES     
  6371.0                                                    BASE RADIUS         
     2                                                      MAP DIMENSION       
   450.0 450.0   0.0                                        HGT1 / HGT2 / DHGT  
    87.5 -87.5  -2.5                                        LAT1 / LAT2 / DLAT  
  -180.0 180.0   5.0                                        LON1 / LON2 / DLON  
    -1                                                      EXPONENT            
TEC values in 0.1 tec units;  9999, if no value available   COMMENT             
DCB values in nanoseconds, reference is Sum_of_SatDCBs = 0  COMMENT             
                                                            END OF HEADER       
[from data line 4290]
    11                                                      START OF TEC MAP    
  2014     2    15    20     0     0                        EPOCH OF CURRENT MAP
    87.5-180.0 180.0   5.0 450.0                            LAT/LON1/LON2/DLON/H
  117  117  117  117  117  117  118  118  118  119  120  121  121  122  123  124
  125  126  126  127  128  128  128  129  129  129  129  129  129  128  128  127
  127  125  125  124  124  123  122  122  121  121  120  120  120  120  119  119
  119  120  120  120  120  120  120  121  121  120  121  121  121  121  120  120
  120  119  119  119  119  118  118  117  117
    85.0-180.0 180.0   5.0 450.0                            LAT/LON1/LON2/DLON/H
  118  117  117  116  116  116  117  118  119  121  123  126  128  131  134  137
  139  142  144  146  147  149  150  150  150  150  150  149  148  146  144  142
  140  138  136  134  132  130  128  126  125  123  122  122  121  121  121  121
  122  123  124  125  126  127  128  129  130  131  131  132  132  131  131  130
  129  128  126  125  124  122  121  119  118
    82.5-180.0 180.0   5.0 450.0                            LAT/LON1/LON2/DLON/H
  121  119  117  116  116  116  117  119  122  125  130  134  140  145  151  156
  161  165  169  173  176  177  179  179  179  178  177  175  173  170  167  163
  160  156  152  148  143  139  135  132  129  126  124  123  122  122  122  123
  124  126  129  131  134  136  138  140  142  144  144  145  145  145  144  143
  141  140  137  134  132  129  126  123  121
    80.0-180.0 180.0   5.0 450.0                            LAT/LON1/LON2/DLON/H
  123  121  118  117  116  117  119  122  127  132  139  147  155  164  173  181
  188  195  201  205  209  211  212  212  210  209  206  203  199  195  191  186
  181  175  169  163  157  151  145  139  134  130  126  124  122  121  122  124
  125  128  132  136  139  142  146  149  151  153  154  155  156  155  154  153
  151  148  145  142  138  135  131  127  123
    77.5-180.0 180.0   5.0 450.0                            LAT/LON1/LON2/DLON/H
  125  123  121  119  119  121  124  128  135  143  152  163  175  186  198  209
  219  227  234  239  242  244  244  242  240  236  232  228  223  217  211  205
  199  192  185  177  169  162  154  146  139  133  128  124  121  120  120  122
  124  127  131  135  139  143  147  150  152  154  155  156  156  156  155  153
  151  149  146  143  140  136  133  129  125
    75.0-180.0 180.0   5.0 450.0                            LAT/LON1/LON2/DLON/H
  126  124  124  124  126  128  133  139  148  158  169  183  197  211  225  238
  250  260  267  272  274  274  272  268  263  259  252  246  239  233  226  218
  211  203  195  186  178  168  159  150  142  134  127  122  118  116  116  116
  119  122  126  130  134  137  140  142  144  145  146  145  145  144  143  142
  140  139  136  135  133  131  129  127  126
    72.5-180.0 180.0   5.0 450.0                            LAT/LON1/LON2/DLON/H
  124  126  129  131  136  141  147  156  166  178  191  206  222  238  253  267
  279  289  297  301  302  300  296  290  282  274  266  258  250  242  233  224
  215  206  196  187  177  168  158  148  139  130  123  116  112  109  108  108
  110  112  115  119  122  124  126  127  128  127  126  126  125  124  122  121
  120  119  118  119  118  120  120  122  124
    70.0-180.0 180.0   5.0 450.0                            LAT/LON1/LON2/DLON/H
  120  127  134  142  150  158  167  178  190  203  217  232  248  263  279  294
  306  316  323  327  326  322  315  307  296  286  275  265  254  244  234  223
  212  201  190  179  169  159  149  140  130  122  114  107  102   99   97   97
   98  100  101  103  105  106  107  107  106  104  103  101  100   98   97   95
   95   95   95   97  100  104  108  114  120
    67.5-180.0 180.0   5.0 450.0                            LAT/LON1/LON2/DLON/H
  116  128  141  154  166  180  192  205  218  232  246  260  274  289  303  317
  329  339  346  349  348  342  332  320  308  294  281  268  255  243  230  217
  204  190  177  165  154  144  135  125  117  109  102   96   91   87   85   84
   84   85   86   87   88   87   87   85   84   82   80   79   77   75   73   72
   71   71   72   75   79   86   95  105  116
    65.0-180.0 180.0   5.0 450.0                            LAT/LON1/LON2/DLON/H
  113  130  149  167  185  203  219  235  249  263  276  288  300  313  325  338
  350  359  367  369  367  359  347  333  317  301  285  270  255  241  226  210
  193  178  162  149  136  126  116  108  101   94   89   84   80   77   75   73
   72   72   72   71   71   70   69   68   66   65   63   62   61   59   57   56
   54   53   55   57   63   71   83   97  113
    62.5-180.0 180.0   5.0 450.0                            LAT/LON1/LON2/DLON/H
  112  134  157  181  204  226  246  265  281  294  305  314  325  334  345  356
  367  377  384  387  384  374  361  344  326  308  291  274  258  241  223  205
  185  166  148  132  119  108   99   92   86   81   78   74   71   69   67   65
   63   62   61   60   59   58   57   57   56   56   55   55   54   54   52   50
   48   46   46   48   53   62   76   92  112
    60.0-180.0 180.0   5.0 450.0                            LAT/LON1/LON2/DLON/H
  117  142  168  195  223  249  272  292  308  321  330  338  345  353  362  372
  382  392  399  402  398  387  372  354  335  316  298  281  263  245  225  204
  182  160  139  121  106   95   87   80   76   73   71   70   68   67   65   63
   61   59   58   56   55   54   54   54   55   56   57   58   58   58   56   54
   51   48   46   48   53   62   76   95  117
    57.5-180.0 180.0   5.0 450.0                            LAT/LON1/LON2/DLON/H
  127  154  182  212  241  269  294  315  332  344  351  357  362  368  375  384
  394  403  410  412  408  397  380  362  343  324  307  290  273  254  232  209
  184  159  136  116  100   88   80   75   73   72   72   72   72   71   70   68
   66   64   61   59   58   57   58   59   61   64   66   68   69   69   68   66
   62   58   55   55   61   70   84  104  127
    55.0-180.0 180.0   5.0 450.0                            LAT/LON1/LON2/DLON/H
  143  170  199  230  260  289  315  336  352  362  368  371  375  379  385  394
  403  411  417  418  412  400  384  366  348  331  316  301  285  266  243  218
  191  164  139  117  101   89   81   78   76   77   78   80   81   81   81   79
   77   75   73   71   69   68   69   71   75   78   81   84   84   85   83   81
   77   72   69   69   74   83   99  119  143
    52.5-180.0 180.0   5.0 450.0                            LAT/LON1/LON2/DLON/H
  163  190  220  250  280  309  334  354  368  377  381  383  385  389  394  400
  408  415  419  419  412  399  383  366  350  337  326  313  298  279  255  227
  199  171  145  123  106   95   88   85   85   87   89   92   94   96   96   95
   94   92   89   87   85   84   84   87   91   94   97   99  100  100   98   95
   91   86   83   84   90  101  117  138  163
    50.0-180.0 180.0   5.0 450.0                            LAT/LON1/LON2/DLON/H
  184  212  242  273  303  330  354  373  385  391  393  394  395  397  400  406
  412  417  418  415  407  395  380  364  352  342  334  323  309  289  264  235
  205  176  151  130  114  103   97   95   95   98  101  105  108  110  112  112
  111  110  108  106  104  102  102  103  106  110  112  112  112  111  108  106
  102   98   96   97  105  118  136  159  184
    47.5-180.0 180.0   5.0 450.0                            LAT/LON1/LON2/DLON/H
  204  234  264  295  325  352  375  392  403  407  407  405  405  405  408  412
  416  417  415  410  401  389  375  363  353  347  340  331  316  294  267  235
  205  177  154  135  121  111  105  103  104  107  110  115  119  123  125  126
  127  126  125  123  121  118  117  117  119  121  122  122  120  118  115  111
  108  105  104  107  117  132  153  178  204
    45.0-180.0 180.0   5.0 450.0                            LAT/LON1/LON2/DLON/H
  220  250  282  314  344  371  394  411  421  423  422  419  416  415  417  419
  420  418  414  406  397  386  374  364  356  351  345  335  318  293  262  229
  199  174  154  138  126  117  112  111  111  113  116  121  126  131  133  136
  137  137  137  135  132  129  127  126  127  128  128  127  124  120  116  113
  110  107  107  112  124  142  165  192  220
    42.5-180.0 180.0   5.0 450.0                            LAT/LON1/LON2/DLON/H
  230  261  293  326  357  385  409  427  437  440  438  433  429  427  428  428
  426  422  415  406  397  388  379  370  363  357  349  336  315  286  252  219
  190  168  152  140  130  123  117  115  115  116  119  123  129  134  137  138
  140  140  140  140  138  135  132  131  131  131  130  128  125  120  116  111
  108  106  107  112  125  145  171  200  230
    40.0-180.0 180.0   5.0 450.0                            LAT/LON1/LON2/DLON/H
  233  264  297  330  361  390  415  435  448  453  452  448  443  440  439  438
  436  429  419  410  402  395  388  380  371  362  351  334  309  278  243  210
  184  166  155  146  137  129  123  120  118  118  120  124  129  133  136  136
  136  137  138  138  138  136  133  131  131  131  131  129  125  119  114  109
  105  103  103  109  123  145  172  202  233
    37.5-180.0 180.0   5.0 450.0                            LAT/LON1/LON2/DLON/H
  231  261  293  325  356  385  412  435  452  462  463  460  455  452  451  450
  446  438  427  418  412  407  401  392  380  367  352  332  306  274  239  209
  187  174  167  160  151  141  133  127  123  122  122  125  129  132  132  132
  131  131  132  134  135  134  133  131  130  131  131  129  125  119  113  107
  103  100   99  105  118  142  170  201  231
    35.0-180.0 180.0   5.0 450.0                            LAT/LON1/LON2/DLON/H
  228  256  285  314  343  371  399  426  448  464  470  469  466  463  462  461
  458  449  438  429  423  419  413  402  386  370  352  333  308  279  249  223
  207  199  194  187  175  162  149  140  133  129  128  129  132  133  132  129
  128  127  129  132  134  134  133  132  131  131  132  130  127  120  113  107
  101   98   97  101  114  138  168  199  228
    32.5-180.0 180.0   5.0 450.0                            LAT/LON1/LON2/DLON/H
  227  252  278  303  328  354  382  412  441  462  474  476  474  472  472  473
  469  461  450  440  434  428  421  407  388  369  352  338  320  298  275  257
  247  243  239  229  212  191  173  157  147  140  136  137  139  139  137  134
  133  132  133  136  138  139  138  136  134  133  133  132  128  122  114  108
  102   98   96  100  113  138  169  199  227
    30.0-180.0 180.0   5.0 450.0                            LAT/LON1/LON2/DLON/H
  231  254  277  298  318  340  368  401  435  462  479  484  483  482  483  484
  481  473  461  448  440  432  422  406  386  367  356  350  343  332  319  309
  306  306  300  282  257  227  200  179  163  154  149  149  151  152  151  150
  149  149  148  149  150  149  147  143  139  136  135  134  129  123  115  109
  104  100   98  101  116  142  174  205  231
    27.5-180.0 180.0   5.0 450.0                            LAT/LON1/LON2/DLON/H
  244  266  286  305  321  339  365  400  438  471  491  498  497  496  498  499
  495  485  470  454  442  432  419  402  383  369  367  373  379  380  378  377
  380  381  370  342  304  263  227  200  180  169  165  166  169  171  174  176
  177  175  173  171  169  165  160  153  145  139  135  133  128  122  115  109
  106  103  102  107  123  151  185  217  244
    25.0-180.0 180.0   5.0 450.0                            LAT/LON1/LON2/DLON/H
  263  287  308  326  341  357  382  417  457  492  515  523  522  520  521  519
  513  499  480  459  442  428  415  400  386  381  390  408  427  439  446  453
  460  460  438  396  344  293  248  215  194  184  181  185  190  196  202  209
  211  209  204  197  190  183  174  162  150  140  134  129  124  118  113  110
  108  107  108  115  134  165  201  235  263
    22.5-180.0 180.0   5.0 450.0                            LAT/LON1/LON2/DLON/H
  288  315  340  362  380  398  421  455  495  531  554  561  559  556  554  549
  537  517  492  466  443  427  416  406  401  406  427  457  485  504  515  525
  534  528  493  436  370  308  258  223  203  195  199  206  214  223  232  242
  246  243  233  222  210  198  185  170  153  138  129  123  118  113  109  108
  109  110  114  125  147  181  219  256  288
    20.0-180.0 180.0   5.0 450.0                            LAT/LON1/LON2/DLON/H
  313  345  378  408  434  457  481  512  548  583  606  613  610  605  601  591
  571  543  510  479  452  435  427  426  432  450  480  516  547  567  576  584
  588  572  524  451  374  306  255  222  206  205  215  229  239  248  259  270
  274  269  256  240  224  208  192  173  153  135  123  116  110  107  106  108
  110  113  120  134  160  197  238  277  313
    17.5-180.0 180.0   5.0 450.0                            LAT/LON1/LON2/DLON/H
  335  374  414  455  492  524  551  579  611  643  666  674  673  666  658  642
  614  578  539  502  473  456  454  462  479  507  542  578  605  619  621  620
  614  586  523  439  356  289  242  216  208  216  234  252  263  270  278  287
  289  282  268  250  230  213  195  174  152  132  119  110  104  102  104  107
  111  116  125  143  172  210  254  296  335
    15.0-180.0 180.0   5.0 450.0                            LAT/LON1/LON2/DLON/H
  351  394  443  495  544  587  618  644  671  699  722  735  736  732  721  700
  667  625  580  540  510  494  496  513  538  570  605  634  652  654  644  630
  610  567  493  404  324  265  229  214  216  232  256  276  285  287  289  291
  290  282  267  250  231  213  195  174  151  131  117  108  103  102  105  109
  114  119  129  149  181  222  266  309  351
    12.5-180.0 180.0   5.0 450.0                            LAT/LON1/LON2/DLON/H
  360  406  459  520  580  632  667  691  713  739  764  783  793  792  782  759
  724  679  633  592  561  547  553  574  602  633  661  678  681  669  645  615
  580  525  446  361  292  248  227  225  236  258  284  303  307  300  293  287
  280  271  259  244  228  213  196  176  155  136  122  112  107  107  109  114
  117  121  132  154  187  230  275  317  360
    10.0-180.0 180.0   5.0 450.0                            LAT/LON1/LON2/DLON/H
  364  410  464  528  594  651  689  710  729  753  781  809  829  835  829  811
  780  739  695  655  625  611  617  637  662  684  699  702  691  665  628  587
  539  476  399  326  275  250  245  255  274  297  320  333  329  313  295  279
  267  258  248  238  227  215  201  183  164  147  134  123  117  116  118  120
  121  124  134  157  192  236  281  323  364
     7.5-180.0 180.0   5.0 450.0                            LAT/LON1/LON2/DLON/H
  368  411  462  523  589  644  681  699  714  736  768  805  836  852  853  844
  824  793  756  721  693  679  682  696  710  719  719  708  686  651  608  559
  505  441  372  316  285  280  290  308  327  345  360  365  352  328  301  277
  259  248  241  236  231  223  211  196  180  165  152  140  132  128  128  127
  126  126  136  160  197  242  287  328  368
     5.0-180.0 180.0   5.0 450.0                            LAT/LON1/LON2/DLON/H
  372  412  458  513  571  620  651  664  674  693  726  771  812  838  850  853
  849  832  806  777  754  740  738  742  744  738  724  703  674  637  594  546
  493  434  378  341  330  340  359  377  390  398  403  397  377  347  314  285
  262  250  244  242  241  236  226  212  198  186  172  159  147  141  138  134
  130  129  139  164  203  248  293  334  372
     2.5-180.0 180.0   5.0 450.0                            LAT/LON1/LON2/DLON/H
  380  418  458  504  552  592  615  621  624  637  667  713  761  795  818  837
  849  848  835  816  797  783  777  772  762  744  721  695  666  634  597  556
  510  462  420  398  400  418  437  449  451  448  440  426  402  371  337  305
  279  263  255  253  254  252  242  229  217  206  191  176  162  152  146  139
  132  131  142  170  210  256  301  342  380
