gLAB/files/quiet/15_02_2014/igsg0460.14i
     1.0            IONOSPHERE MAPS     MIX                 IONEX VERSION / TYPE
cmpcmb v1.2          GRL/UWM            23-feb-14 20:34     PGM / RUN BY / DATE 
ionex file containing IGS COMBINED Ionosphere maps          COMMENT             
global ionosphere maps for day 046, 2014                    DESCRIPTION         
IONEX file containing the COMBINED IGS TEC MAPS and DCBs    DESCRIPTION         
      IONEX files of the following IAACs were combined: cod DESCRIPTION         
                                                        esa DESCRIPTION         
                                                        jpl DESCRIPTION         
Contact address: Andrzej Krankowski                         DESCRIPTION
                 Geodynamics Research Laboratory            DESCRIPTION
                 University of Warmia and Mazury (GRL/UWM)  DESCRIPTION
                 Oczapowski St. 1                           DESCRIPTION
                 10-957-Olsztyn, POLAND                     DESCRIPTION
                 e-mail:  kand@uwm.edu.pl                   DESCRIPTION
                                                            DESCRIPTION         
  2014     2    15     0     0     0                        EPOCH OF FIRST MAP  
  2014     2    16     0     0     0                        EPOCH OF LAST MAP   
  7200                                                      INTERVAL            
    13                                                      # OF MAPS IN FILE   
  COSZ                                                      MAPPING FUNCTION    
     0.0                                                    ELEVATION CUTOFF    
combined TEC calculated as weighted mean of input TEC valuesOBSERVABLES USED    
   377                                                      # OF STATIONS       
    31                                                      # OF SATELLITES     
  6371.0                                                    BASE RADIUS         
     2                                                      MAP DIMENSION       
   450.0 450.0   0.0                                        HGT1 / HGT2 / DHGT  
    87.5 -87.5  -2.5                                        LAT1 / LAT2 / DLAT  
  -180.0 180.0   5.0                                        LON1 / LON2 / DLON  
    -1                                                      EXPONENT            
TEC values in 0.1 tec units;  9999, if no value available   COMMENT             
DCB values in nanoseconds, reference is Sum_of_SatDCBs = 0  COMMENT             
                                                            END OF HEADER       
     1                                                      START OF TEC MAP    
  2014     2    15     0     0     0                        EPOCH OF CURRENT MAP
    87.5-180.0 180.0   5.0 450.0                            LAT/LON1/LON2/DLON/H
  156  158  159  161  162  163  164  165  165  165  165  165  164  164  163  162
  161  160  158  157  155  154  152  151  149  147  146  144  142  141  140  138
  137  136  135  134  133  132  132  132  131  130  130  130  130  129  129  129
  130  129  130  130  130  131  131  132  133  134  135  136  137  138  140  141
  143  145  146  148  150  152  153  155  156
    85.0-180.0 180.0   5.0 450.0                            LAT/LON1/LON2/DLON/H
  165  169  173  176  179  181  183  184  185  186  186  185  184  182  180  177
  174  171  168  164  160  156  152  148  145  141  138  134  131  129  126  125
  123  122  120  119  119  118  117  117  117  116  116  116  116  116  115  115
  115  115  115  115  115  115  115  116  117  118  119  121  123  125  128  131
  134  138  142  145  149  154  158  161  165
    82.5-180.0 180.0   5.0 450.0                            LAT/LON1/LON2/DLON/H
  175  181  187  191  196  200  203  205  207  207  207  205  203  200  196  191
  186  180  173  167  159  153  146  140  134  129  124  119  115  113  110  108
  107  105  104  104  104  104  104  104  104  105  105  105  105  104  104  103
  103  102  102  101  100  100   99   99  100  101  102  105  108  111  115  120
  125  130  137  143  150  156  163  169  175
    80.0-180.0 180.0   5.0 450.0                            LAT/LON1/LON2/DLON/H
  188  196  203  209  215  220  223  226  227  227  226  224  220  215  209  201
  193  184  174  164  154  145  136  128  120  114  108  103   99   96   94   93
   92   91   91   92   92   93   94   94   95   95   96   96   96   95   95   94
   93   91   90   88   86   85   84   83   83   84   86   89   93   98  104  111
  118  127  135  144  154  162  172  181  188
    77.5-180.0 180.0   5.0 450.0                            LAT/LON1/LON2/DLON/H
  205  214  222  229  235  240  244  246  247  247  245  241  236  228  219  209
  197  184  171  158  146  134  123  113  105   99   93   88   86   83   82   81
   82   82   83   84   85   86   87   88   89   89   89   89   89   88   87   86
   84   82   79   76   74   72   70   68   68   70   72   77   82   89   98  107
  117  128  140  151  163  175  185  195  205
    75.0-180.0 180.0   5.0 450.0                            LAT/LON1/LON2/DLON/H
  225  235  243  250  256  261  264  266  267  266  263  257  249  239  227  214
  199  183  166  150  135  122  110  101   93   87   82   79   78   77   77   77
   78   79   81   81   83   84   84   84   84   84   83   83   82   81   80   78
   76   73   70   67   64   61   58   57   58   59   63   69   77   86   97  109
  122  136  150  164  178  191  203  215  225
    72.5-180.0 180.0   5.0 450.0                            LAT/LON1/LON2/DLON/H
  246  255  264  271  277  281  284  286  286  283  279  272  262  250  235  218
  199  180  161  143  127  113  101   92   86   82   79   78   77   77   78   79
   80   81   82   83   84   84   83   82   80   78   77   76   74   73   72   71
   68   66   62   59   55   52   50   49   50   54   59   67   77   89  103  117
  133  149  165  181  195  210  223  235  246
    70.0-180.0 180.0   5.0 450.0                            LAT/LON1/LON2/DLON/H
  264  274  282  289  294  299  302  303  302  299  294  286  274  260  243  223
  202  181  160  140  123  109   98   91   86   83   83   83   83   84   84   85
   85   85   86   86   84   83   81   78   75   72   69   67   66   65   64   63
   62   60   57   53   50   47   45   45   48   52   60   70   83   98  113  130
  147  164  181  198  213  228  241  253  264
    67.5-180.0 180.0   5.0 450.0                            LAT/LON1/LON2/DLON/H
  278  287  296  303  308  312  315  316  315  312  306  298  286  271  252  231
  208  185  163  142  125  111  101   96   93   92   92   93   93   93   93   92
   91   89   88   86   84   81   77   73   68   64   60   58   57   56   56   57
   56   55   53   50   47   45   44   45   49   56   66   79   94  110  128  146
  163  181  198  213  228  242  255  267  278
    65.0-180.0 180.0   5.0 450.0                            LAT/LON1/LON2/DLON/H
  287  296  304  311  317  320  323  324  323  321  316  308  296  281  262  241
  218  195  172  151  134  121  112  107  105  104  105  105  104  102  100   97
   94   91   88   84   80   76   71   65   60   56   52   50   49   50   51   52
   53   53   52   50   47   46   45   48   54   64   76   92  109  127  145  163
  181  197  213  227  240  253  265  276  287
    62.5-180.0 180.0   5.0 450.0                            LAT/LON1/LON2/DLON/H
  292  301  310  316  321  324  326  327  327  325  321  314  303  290  273  253
  231  208  187  167  150  136  127  122  120  119  118  116  112  109  104   99
   93   89   84   79   74   69   63   58   53   49   46   45   46   47   49   52
   53   55   54   52   51   49   50   54   61   73   89  106  125  144  163  181
  197  212  227  239  251  262  272  282  292
    60.0-180.0 180.0   5.0 450.0                            LAT/LON1/LON2/DLON/H
  297  307  313  319  323  325  327  327  327  325  322  316  308  297  282  265
  245  225  205  186  169  154  145  137  133  131  128  123  118  111  104   97
   90   83   78   73   68   62   58   53   49   46   45   45   47   49   52   55
   57   58   58   58   56   56   57   61   70   83  101  120  141  161  180  197
  213  228  241  252  262  270  280  289  297
    57.5-180.0 180.0   5.0 450.0                            LAT/LON1/LON2/DLON/H
  306  315  322  326  328  329  328  327  326  324  321  316  309  300  288  274
  258  241  223  205  188  173  160  151  145  139  133  127  119  110  102   94
   86   79   74   68   64   59   56   53   51   50   50   51   53   56   60   62
   64   65   65   65   64   64   65   70   79   93  112  133  155  176  195  213
  229  244  256  266  274  282  290  298  306
    55.0-180.0 180.0   5.0 450.0                            LAT/LON1/LON2/DLON/H
  320  328  335  338  339  338  335  332  330  326  321  316  308  300  291  280
  267  254  238  221  203  186  173  161  152  144  136  128  119  109  101   92
   85   79   73   69   65   62   59   58   58   58   60   62   64   67   70   72
   74   74   74   74   73   73   75   79   88  103  122  144  166  188  208  227
  243  258  271  281  290  297  304  312  320
    52.5-180.0 180.0   5.0 450.0                            LAT/LON1/LON2/DLON/H
  338  346  352  356  356  354  350  345  340  333  326  318  309  300  291  282
  271  260  247  231  214  196  180  167  156  146  137  128  119  110  102   95
   89   84   79   75   72   70   69   69   70   71   73   76   78   81   82   83
   83   84   84   84   84   84   85   89   97  111  130  152  175  198  219  237
  255  271  285  297  306  313  321  329  338
    50.0-180.0 180.0   5.0 450.0                            LAT/LON1/LON2/DLON/H
  355  364  371  375  375  374  370  365  358  349  337  325  312  300  290  280
  271  261  249  235  220  203  187  173  160  150  140  131  122  115  107  101
   96   93   89   86   84   83   82   83   84   85   88   90   92   94   95   95
   94   94   94   95   96   96   97   99  107  120  138  160  183  206  227  246
  264  280  296  309  320  329  337  345  355
    47.5-180.0 180.0   5.0 450.0                            LAT/LON1/LON2/DLON/H
  369  378  385  391  394  394  392  388  381  370  355  337  320  304  290  278
  268  258  248  236  222  208  193  180  167  157  147  137  128  121  115  110
  106  103  101   99   97   97   96   97   98   99  101  103  105  106  106  105
  105  104  105  106  107  107  108  110  117  129  147  169  192  214  234  253
  270  287  303  317  329  340  349  359  369
    45.0-180.0 180.0   5.0 450.0                            LAT/LON1/LON2/DLON/H
  374  383  391  398  404  409  412  411  405  393  375  353  332  312  294  279
  266  255  245  235  225  214  202  190  178  167  156  146  137  129  122  118
  115  112  111  110  109  109  108  108  109  109  111  113  115  116  117  115
  114  114  114  116  117  117  118  120  126  139  157  179  201  223  242  259
  274  290  305  320  333  344  354  364  374
    42.5-180.0 180.0   5.0 450.0                            LAT/LON1/LON2/DLON/H
  372  380  386  394  403  413  422  426  423  411  392  370  346  323  302  283
  268  255  245  236  229  222  213  203  192  180  167  155  144  135  128  123
  120  118  117  118  118  117  117  116  115  116  117  120  123  125  125  124
  123  122  123  124  125  126  126  128  135  150  169  190  212  233  250  264
  278  292  305  319  332  343  355  364  372
    40.0-180.0 180.0   5.0 450.0                            LAT/LON1/LON2/DLON/H
  368  371  375  381  393  406  420  429  429  420  403  382  359  337  315  294
  276  260  249  241  237  232  226  218  206  192  176  162  149  139  131  125
  121  119  119  121  122  122  121  120  120  120  122  125  129  131  132  132
  130  129  129  130  131  132  132  134  144  160  180  203  225  244  259  272
  284  295  307  320  332  344  355  363  368
    37.5-180.0 180.0   5.0 450.0                            LAT/LON1/LON2/DLON/H
  369  366  364  367  377  393  410  421  424  417  403  386  368  349  330  310
  290  272  259  250  246  243  238  230  216  200  183  167  153  142  133  127
  123  121  121  124  126  126  126  124  122  123  125  128  133  136  137  138
  137  135  134  133  134  134  134  138  150  168  191  215  237  256  271  283
  294  306  317  329  341  353  363  369  369
    35.0-180.0 180.0   5.0 450.0                            LAT/LON1/LON2/DLON/H
  386  375  364  361  367  381  397  408  411  405  394  382  371  359  346  329
  309  289  272  261  255  251  245  235  221  204  186  169  156  147  140  135
  130  127  127  130  132  133  131  129  127  127  129  132  135  139  141  141
  141  138  136  134  133  133  134  140  154  175  200  226  249  268  284  298
  313  327  341  353  367  380  390  392  386
    32.5-180.0 180.0   5.0 450.0                            LAT/LON1/LON2/DLON/H
  427  407  388  376  375  382  392  398  397  390  381  373  368  365  359  347
  330  309  288  271  260  252  244  233  219  203  186  174  164  159  155  151
  147  144  143  145  147  145  143  139  135  133  134  135  138  140  141  142
  141  139  136  133  131  130  131  140  156  180  207  233  257  279  300  320
  341  362  381  397  414  430  440  439  427
    30.0-180.0 180.0   5.0 450.0                            LAT/LON1/LON2/DLON/H
  496  469  441  421  409  406  405  402  395  383  372  365  364  367  368  362
  348  327  302  278  260  246  235  225  214  202  191  184  182  183  184  182
  178  175  172  171  170  166  159  152  146  142  140  140  139  139  139  139
  139  137  133  129  126  125  128  138  157  182  210  239  265  291  317  347
  379  410  437  461  483  504  516  514  496
    27.5-180.0 180.0   5.0 450.0                            LAT/LON1/LON2/DLON/H
  591  560  527  498  477  460  446  431  413  394  377  366  363  369  373  372
  361  339  311  280  254  235  223  216  211  206  204  205  211  219  226  227
  224  218  213  207  201  191  179  168  158  152  147  144  139  135  133  134
  134  133  129  124  120  119  123  136  157  184  213  243  273  304  338  377
  422  466  505  537  567  594  612  610  591
    25.0-180.0 180.0   5.0 450.0                            LAT/LON1/LON2/DLON/H
  700  671  638  606  575  545  516  489  461  431  403  383  373  373  377  377
  368  346  314  277  245  224  214  214  219  224  231  240  253  266  276  280
  278  271  260  248  234  218  200  183  170  161  153  146  138  130  125  125
  126  127  125  119  114  114  119  134  157  185  216  248  280  316  358  409
  466  523  572  613  651  687  712  717  700
    22.5-180.0 180.0   5.0 450.0                            LAT/LON1/LON2/DLON/H
  804  785  761  732  696  655  613  574  537  497  458  423  399  387  382  379
  369  348  314  274  239  219  216  226  244  260  274  288  303  318  329  334
  331  322  306  286  264  240  217  197  179  167  157  146  135  123  116  115
  118  121  120  115  110  108  115  133  158  188  221  255  290  330  380  439
  505  571  628  676  719  763  797  811  804
    20.0-180.0 180.0   5.0 450.0                            LAT/LON1/LON2/DLON/H
  881  879  873  856  821  774  724  678  635  589  537  486  442  413  395  384
  371  349  315  275  242  228  236  260  289  313  330  342  353  364  373  377
  374  361  339  312  283  255  228  204  184  170  159  146  131  117  108  106
  111  115  115  110  105  104  112  132  160  194  229  266  304  347  400  463
  534  603  662  711  757  805  848  873  881
    17.5-180.0 180.0   5.0 450.0                            LAT/LON1/LON2/DLON/H
  914  934  951  951  926  882  832  786  744  695  635  568  504  455  420  398
  380  357  324  287  260  256  276  312  351  379  391  394  394  396  400  401
  396  380  354  321  288  258  230  205  185  170  158  145  129  114  104  101
  105  110  111  107  102  101  110  132  164  200  240  278  319  364  418  482
  550  615  670  713  756  804  852  890  914
    15.0-180.0 180.0   5.0 450.0                            LAT/LON1/LON2/DLON/H
  895  937  977  998  987  954  913  877  844  802  739  660  579  511  460  426
  402  377  348  316  298  303  334  378  421  443  445  431  416  406  403  401
  394  376  347  313  280  252  227  204  184  169  158  145  130  115  104  100
  104  108  109  104   99   98  109  134  169  209  251  293  335  380  434  494
  555  610  655  688  720  760  808  853  895
    12.5-180.0 180.0   5.0 450.0                            LAT/LON1/LON2/DLON/H
  828  886  944  984  992  975  951  932  917  888  830  747  657  577  515  470
  440  415  389  365  355  368  402  448  485  496  479  446  413  391  382  379
  372  353  325  293  265  241  222  201  183  170  160  149  135  121  109  104
  105  108  108  103   97   97  109  136  175  218  263  307  349  394  445  500
  551  594  625  646  664  692  731  777  828
    10.0-180.0 180.0   5.0 450.0                            LAT/LON1/LON2/DLON/H
  738  799  863  913  937  940  939  942  949  939  893  815  726  644  577  528
  494  468  447  431  427  442  472  508  531  524  485  432  383  353  343  344
  339  322  297  271  249  232  218  202  186  175  165  155  144  131  119  113
  112  112  110  103   97   97  111  140  181  227  273  317  359  403  452  500
  541  573  593  602  607  620  647  687  738
     7.5-180.0 180.0   5.0 450.0                            LAT/LON1/LON2/DLON/H
  652  704  760  809  840  859  879  905  935  945  916  851  774  701  639  591
  557  532  514  505  505  514  530  547  549  520  461  392  336  304  300  308
  309  296  275  255  239  229  220  208  194  182  173  165  155  145  134  126
  122  119  114  106   98  100  114  145  187  233  278  322  364  407  452  495
  530  555  569  571  567  566  580  610  652
     5.0-180.0 180.0   5.0 450.0                            LAT/LON1/LON2/DLON/H
  596  630  669  705  735  761  793  836  881  908  897  851  794  739  690  648
  615  593  580  576  575  572  567  558  535  486  413  337  282  257  264  285
  295  286  269  253  241  235  229  219  204  192  183  176  169  160  150  141
  135  128  120  110  102  103  119  150  192  237  281  323  363  403  447  487
  519  543  558  562  557  551  553  570  596
     2.5-180.0 180.0   5.0 450.0                            LAT/LON1/LON2/DLON/H
  590  602  616  633  651  676  713  760  811  845  846  819  784  753  721  689
  661  641  632  630  625  607  577  539  493  428  350  279  235  226  249  284
  303  298  282  266  254  248  242  231  215  200  192  186  182  175  167  158
  149  139  127  115  106  107  123  155  196  239  279  318  355  395  437  476
  510  537  561  575  578  574  574  580  590
