gLAB/files/quiet/15_02_2014/igsg0460.14i
     1.0            IONOSPHERE MAPS     MIX                 IONEX VERSION / TYPE
cmpcmb v1.2          GRL/UWM            23-feb-14 20:34     PGM / RUN BY / DATE 
ionex file containing IGS COMBINED Ionosphere maps          COMMENT             
global ionosphere maps for day 046, 2014                    DESCRIPTION         
IONEX file containing the COMBINED IGS TEC MAPS and DCBs    DESCRIPTION         
      IONEX files of the following IAACs were combined: cod DESCRIPTION         
                                                        esa DESCRIPTION         
                                                        jpl DESCRIPTION         
Contact address: Andrzej Krankowski                         DESCRIPTION
                 Geodynamics Research Laboratory            DESCRIPTION
                 University of Warmia and Mazury (GRL/UWM)  DESCRIPTION
                 Oczapowski St. 1                           DESCRIPTION
                 10-957-Olsztyn, POLAND                     DESCRIPTION
                 e-mail:  kand@uwm.edu.pl                   DESCRIPTION
                                                            DESCRIPTION         
  2014     2    15     0     0     0                        EPOCH OF FIRST MAP  
  2014     2    16     0     0     0                        EPOCH OF LAST MAP   
  7200                                                      INTERVAL            
    13                                                      # OF MAPS IN FILE   
  COSZ                                                      MAPPING FUNCTION    
     0.0                                                    ELEVATION CUTOFF    
combined TEC calculated as weighted mean of input TEC valuesOBSERVABLES USED    
   377                                                      # OF STATIONS       
    31                                                      # OF SATELLITES     
  6371.0                                                    BASE RADIUS         
     2                                                      MAP DIMENSION       
   450.0 450.0   0.0                                        HGT1 / HGT2 / DHGT  
    87.5 -87.5  -2.5                                        LAT1 / LAT2 / DLAT  
  -180.0 180.0   5.0                                        LON1 / LON2 / DLON  
    -1                                                      EXPONENT            
TEC values in 0.1 tec units;  9999, if no value available   COMMENT             
DCB values in nanoseconds, reference is Sum_of_SatDCBs = 0  COMMENT             
                                                            END OF HEADER       
[from data line 2145]
     6                                                      START OF TEC MAP    
  2014     2    15    10     0     0                        EPOCH OF CURRENT MAP
    87.5-180.0 180.0   5.0 450.0                            LAT/LON1/LON2/DLON/H
   69   70   71   72   73   74   76   77   78   80   81   83   83   85   86   87
   88   89   90   90   91   92   92   93   93   94   94   95   95   96   97   97
   97   97   97   97   97   97   97   97   96   96   95   94   93   92   91   90
   89   87   85   84   82   81   79   78   76   75   73   72   71   69   68   68
   67   67   67   67   67   67   67   68   69
    85.0-180.0 180.0   5.0 450.0                            LAT/LON1/LON2/DLON/H
   57   59   62   65   67   70   73   76   79   81   84   86   89   90   93   94
   95   96   97   98   98   99  100  100  101  101  102  103  104  105  106  108
  109  110  112  113  114  115  115  116  116  116  115  114  113  111  109  107
  104  101   98   95   91   88   84   80   76   73   70   66   63   60   58   56
   55   53   53   53   52   53   54   56   57
    82.5-180.0 180.0   5.0 450.0                            LAT/LON1/LON2/DLON/H
   48   52   55   59   64   68   73   77   82   85   89   93   95   98  100  101
  102  102  102  102  102  102  101  101  102  102  103  105  107  109  112  115
  118  121  125  129  132  135  137  140  141  142  142  142  141  139  136  133
  130  126  121  116  111  105   99   93   87   81   75   70   64   59   55   51
   48   46   44   42   43   43   44   46   48
    80.0-180.0 180.0   5.0 450.0                            LAT/LON1/LON2/DLON/H
   42   46   51   55   61   66   72   78   84   89   94   97  101  103  104  105
  105  105  104  102  101  100   99   98   97   98   99  101  104  108  113  118
  124  130  137  144  150  156  161  166  169  173  174  174  174  172  170  167
  163  158  152  146  140  133  125  116  108  100   92   84   76   68   61   55
   49   45   41   39   38   37   38   40   42
    77.5-180.0 180.0   5.0 450.0                            LAT/LON1/LON2/DLON/H
   40   43   47   52   58   64   71   77   84   89   95   99  103  105  106  107
  106  104  102   99   96   94   92   90   89   90   91   94   98  103  110  117
  126  136  145  156  166  175  184  192  198  202  205  207  208  207  205  203
  199  194  189  183  175  167  159  149  139  129  118  108   97   86   77   68
   60   53   48   43   40   38   38   38   40
    75.0-180.0 180.0   5.0 450.0                            LAT/LON1/LON2/DLON/H
   41   43   46   50   55   61   67   74   81   88   93   98  101  104  105  104
  103  101   97   94   90   87   84   82   80   81   82   85   90   97  105  115
  126  139  152  165  179  191  203  213  221  228  232  235  237  237  237  235
  233  229  225  220  213  205  196  186  174  162  150  136  124  111   99   87
   76   68   60   53   48   44   42   41   41
    72.5-180.0 180.0   5.0 450.0                            LAT/LON1/LON2/DLON/H
   45   45   46   49   53   58   64   70   77   83   89   93   97   99  100   99
   97   95   92   88   84   80   77   74   72   72   74   77   83   91  100  112
  126  140  156  172  188  202  216  228  237  245  251  255  258  260  261  261
  260  259  256  252  246  239  230  219  207  194  180  165  150  136  121  107
   95   83   74   65   58   53   49   46   45
    70.0-180.0 180.0   5.0 450.0                            LAT/LON1/LON2/DLON/H
   50   49   49   50   52   56   60   66   72   77   82   86   89   91   91   91
   90   89   86   83   79   75   72   69   67   66   68   71   77   86   97  110
  125  142  159  177  194  210  224  236  246  254  260  265  269  273  275  278
  279  279  278  275  270  263  254  243  231  217  203  187  170  154  138  123
  109   96   86   76   68   62   56   53   50
    67.5-180.0 180.0   5.0 450.0                            LAT/LON1/LON2/DLON/H
   55   53   52   52   53   55   59   62   67   71   75   78   80   81   82   83
   82   82   80   77   74   71   68   65   64   63   64   67   73   82   94  108
  125  144  162  180  198  213  227  239  247  255  262  268  273  278  283  287
  290  291  291  288  283  276  267  255  243  229  214  197  180  163  146  130
  115  103   91   82   73   67   62   58   55
    65.0-180.0 180.0   5.0 450.0                            LAT/LON1/LON2/DLON/H
   58   57   56   56   56   56   58   60   63   65   68   70   71   72   73   74
   74   74   73   72   70   67   65   63   61   61   62   65   71   81   94  109
  127  146  166  184  201  216  228  238  247  253  260  267  274  280  287  291
  295  296  295  291  285  277  266  255  242  227  212  196  180  162  145  129
  114  101   89   80   73   67   63   61   58
    62.5-180.0 180.0   5.0 450.0                            LAT/LON1/LON2/DLON/H
   60   60   60   59   59   59   59   59   60   61   62   63   63   63   64   65
   66   67   67   66   64   63   62   60   60   59   60   64   71   81   95  113
  132  151  170  188  205  219  230  239  246  253  260  268  276  284  291  295
  298  298  295  288  280  270  259  246  233  219  204  188  172  155  138  121
  107   93   82   74   67   63   61   60   60
    60.0-180.0 180.0   5.0 450.0                            LAT/LON1/LON2/DLON/H
   60   62   63   63   62   61   60   59   59   59   59   58   57   57   57   57
   58   60   60   60   59   59   58   58   57   57   59   63   72   84  100  119
  140  159  179  196  211  224  234  243  250  257  265  274  283  292  299  302
  303  300  294  286  274  262  250  236  223  209  195  180  164  148  131  115
   99   86   74   66   60   57   57   58   60
    57.5-180.0 180.0   5.0 450.0                            LAT/LON1/LON2/DLON/H
   61   64   66   66   66   63   61   59   58   57   56   55   54   53   52   52
   53   54   54   55   55   56   56   55   55   56   59   65   76   91  110  131
  152  171  190  206  220  232  242  251  260  268  277  287  297  305  311  313
  311  306  298  286  274  260  246  232  218  205  191  177  162  146  129  112
   97   83   71   62   56   54   55   57   61
    55.0-180.0 180.0   5.0 450.0                            LAT/LON1/LON2/DLON/H
   64   67   70   70   69   66   63   60   58   57   56   54   53   51   50   49
   49   50   51   52   54   55   55   55   55   56   61   69   82  101  122  145
  167  186  203  218  232  243  254  264  274  285  295  305  314  321  325  326
  322  315  305  292  279  265  251  237  223  210  197  183  168  153  136  119
  103   88   76   66   59   56   57   60   64
    52.5-180.0 180.0   5.0 450.0                            LAT/LON1/LON2/DLON/H
   70   73   75   75   73   69   65   62   59   58   57   55   54   52   50   49
   49   49   51   53   55   57   58   58   59   60   66   76   92  113  137  162
  183  202  218  232  245  258  270  282  294  305  315  324  332  336  338  337
  332  325  315  304  291  278  264  250  237  223  210  197  183  168  152  134
  118  102   89   79   71   67   66   67   70
    50.0-180.0 180.0   5.0 450.0                            LAT/LON1/LON2/DLON/H
   80   81   82   80   77   73   69   65   62   60   59   58   57   55   53   51
   51   52   54   57   61   63   65   65   65   67   74   86  105  127  153  177
  199  216  232  246  259  274  288  301  314  326  335  342  345  347  346  344
  339  332  324  315  305  293  281  267  253  238  225  212  199  185  170  153
  137  121  109   98   89   83   80   80   80
    47.5-180.0 180.0   5.0 450.0                            LAT/LON1/LON2/DLON/H
   92   91   90   87   84   79   74   70   66   64   63   62   62   60   57   56
   56   57   61   65   69   73   75   75   75   78   85   98  118  141  167  191
  211  227  242  258  273  289  305  321  335  346  352  355  355  353  350  346
  342  337  331  324  316  306  294  280  265  250  235  222  209  197  182  168
  153  139  128  118  110  102   97   95   92
    45.0-180.0 180.0   5.0 450.0                            LAT/LON1/LON2/DLON/H
  104  100   98   95   91   86   82   77   73   70   69   68   68   66   64   62
   63   65   69   74   80   84   87   87   86   88   96  110  130  154  178  200
  219  235  250  267  286  305  324  341  356  365  368  366  363  358  353  349
  345  340  335  329  322  313  300  285  268  251  235  221  209  197  185  173
  161  150  140  132  125  118  112  107  104
    42.5-180.0 180.0   5.0 450.0                            LAT/LON1/LON2/DLON/H
  111  107  104  101   98   94   90   86   82   78   76   76   75   73   71   69
   70   73   78   84   90   95   98   97   97   99  107  121  141  164  187  207
  224  239  256  276  298  321  343  362  377  385  386  382  376  370  365  359
  353  346  339  331  322  312  298  280  261  242  225  209  196  185  175  166
  157  149  142  136  131  126  121  115  111
    40.0-180.0 180.0   5.0 450.0                            LAT/LON1/LON2/DLON/H
  112  109  107  106  104  102   99   96   92   87   84   83   82   80   78   77
   78   81   86   92   98  103  106  106  105  107  116  131  151  172  193  210
  226  242  262  286  312  338  363  385  401  410  412  409  405  400  394  386
  376  363  348  335  322  309  292  273  252  231  212  194  179  168  159  151
  144  138  133  129  126  123  120  116  112
    37.5-180.0 180.0   5.0 450.0                            LAT/LON1/LON2/DLON/H
  107  106  106  105  107  107  106  105  102   97   93   91   89   87   84   84
   85   88   93   98  104  108  110  111  111  113  123  140  160  180  197  213
  228  245  268  297  328  358  386  411  430  443  450  454  455  454  448  437
  419  396  372  350  331  314  294  272  250  230  208  188  170  157  148  141
  134  128  122  118  115  114  112  110  107
    35.0-180.0 180.0   5.0 450.0                            LAT/LON1/LON2/DLON/H
  100   99  100  102  105  109  111  112  109  105  101   97   95   93   91   90
   91   95   98  102  106  110  112  112  114  118  129  148  168  186  202  216
  231  251  279  313  349  383  414  442  466  486  503  519  529  533  527  512
  484  450  414  383  358  336  312  289  269  249  228  205  183  167  156  146
  137  128  119  112  108  105  103  102  100
    32.5-180.0 180.0   5.0 450.0                            LAT/LON1/LON2/DLON/H
   95   93   93   96  101  106  111  114  113  110  106  102   99   97   96   95
   96   99  102  105  107  110  111  113  115  122  136  156  177  194  208  221
  238  262  294  334  375  413  448  479  509  538  568  598  620  630  626  605
  569  524  477  437  408  383  356  332  315  300  281  255  229  208  193  180
  166  151  136  124  114  107  102   98   95
    30.0-180.0 180.0   5.0 450.0                            LAT/LON1/LON2/DLON/H
   98   93   90   91   95  101  107  112  114  112  107  104  101  100   99   99
  101  103  105  106  108  109  110  112  116  125  143  165  187  203  216  229
  249  276  314  360  405  448  485  520  554  593  637  682  715  732  729  706
  664  610  556  513  482  454  425  401  388  381  365  338  306  282  263  246
  225  202  180  161  143  128  116  106   98
    27.5-180.0 180.0   5.0 450.0                            LAT/LON1/LON2/DLON/H
  116  104   96   92   92   96  102  107  110  109  106  103  102  102  102  103
  105  106  107  108  109  109  110  114  119  130  150  174  197  213  226  240
  262  295  338  389  440  485  524  560  597  644  700  756  800  823  822  798
  755  698  641  597  567  540  509  484  477  478  467  440  406  378  357  334
  308  278  251  224  198  172  150  131  116
    25.0-180.0 180.0   5.0 450.0                            LAT/LON1/LON2/DLON/H
  150  129  114  102   96   94   98  102  105  105  103  100  100  102  104  105
  107  110  110  111  110  111  112  116  122  135  156  182  205  222  236  253
  279  316  364  419  473  520  559  595  633  682  745  810  859  885  887  866
  825  770  715  674  648  623  591  568  566  575  572  546  512  483  458  431
  400  367  336  304  270  235  202  173  150
    22.5-180.0 180.0   5.0 450.0                            LAT/LON1/LON2/DLON/H
  196  170  147  126  109  100   98   99  102  101   99   97   98  100  104  107
  109  112  112  113  113  114  116  119  125  139  161  187  211  230  246  267
  297  338  389  446  502  549  587  620  655  703  766  832  882  908  912  895
  861  812  764  730  709  687  657  635  638  654  657  637  605  575  549  519
  485  451  420  388  350  307  265  227  196
    20.0-180.0 180.0   5.0 450.0                            LAT/LON1/LON2/DLON/H
  249  220  191  162  134  115  106  103  102  100   96   94   95   99  103  107
  110  112  113  114  115  116  118  121  127  139  162  188  214  235  256  281
  315  359  412  469  523  568  603  631  662  703  759  820  867  889  893  881
  854  815  777  752  737  718  691  674  681  702  711  697  670  641  611  578
  543  512  486  458  420  374  327  285  249
    17.5-180.0 180.0   5.0 450.0                            LAT/LON1/LON2/DLON/H
  301  272  242  206  169  141  124  115  110  104   99   94   95   99  102  105
  108  111  112  113  114  116  118  120  124  136  158  186  213  238  263  294
  333  378  430  485  536  577  607  630  653  685  731  780  816  833  833  825
  806  779  754  739  731  716  695  683  693  716  730  724  702  673  639  602
  566  539  520  499  467  424  377  335  301
    15.0-180.0 180.0   5.0 450.0                            LAT/LON1/LON2/DLON/H
  342  320  292  252  209  173  148  134  124  114  105   99   98   99  101  103
  105  107  108  108  110  113  115  116  119  130  153  182  212  241  271  307
  349  395  444  494  539  576  602  620  635  657  688  721  743  750  747  741
  730  717  706  702  701  692  677  670  682  705  721  721  703  674  634  591
  554  530  518  507  483  447  405  369  342
    12.5-180.0 180.0   5.0 450.0                            LAT/LON1/LON2/DLON/H
  368  356  334  296  250  208  178  158  143  129  118  108  104  102  102  102
  103  103  103  102  104  106  108  108  111  123  147  178  212  245  281  321
  364  410  454  498  537  569  591  605  614  625  641  657  664  661  656  651
  649  649  652  659  663  660  651  649  660  680  695  698  684  651  605  557
  517  494  488  484  469  442  410  383  368
    10.0-180.0 180.0   5.0 450.0                            LAT/LON1/LON2/DLON/H
  378  378  365  332  285  241  208  184  165  148  132  120  112  107  104  101
  100   98   97   96   96   98   99  100  103  116  143  178  215  252  291  335
  379  422  461  497  531  558  577  589  595  599  603  602  596  588  581  580
  585  596  612  627  637  638  635  635  644  658  668  670  655  619  567  512
  469  445  441  441  433  416  395  381  378
     7.5-180.0 180.0   5.0 450.0                            LAT/LON1/LON2/DLON/H
  377  388  384  356  313  270  235  209  186  166  147  132  121  113  106  101
   98   94   92   89   89   90   91   91   96  113  144  182  222  262  304  347
  391  430  464  494  522  547  565  578  584  585  582  571  558  547  543  546
  557  577  602  624  638  641  640  640  644  649  652  648  631  590  534  475
  428  401  394  394  390  380  369  367  377
     5.0-180.0 180.0   5.0 450.0                            LAT/LON1/LON2/DLON/H
  371  390  392  370  331  290  255  228  204  181  160  143  129  119  110  103
   96   92   88   85   83   83   84   85   93  114  148  190  231  272  314  356
  397  432  462  488  513  536  556  572  582  586  582  571  557  549  550  559
  576  600  629  652  666  671  669  666  663  658  650  640  617  574  516  455
  405  374  361  357  352  347  345  353  371
     2.5-180.0 180.0   5.0 450.0                            LAT/LON1/LON2/DLON/H
  368  388  393  374  340  302  268  242  217  193  170  150  135  124  114  104
   97   90   86   83   80   79   80   83   94  119  156  199  241  280  320  359
  396  428  455  479  503  527  550  571  589  601  605  600  594  595  601  614
  633  658  685  706  717  719  715  708  697  682  664  645  618  573  515  457
  406  371  351  339  331  327  332  346  368
