gLAB/files/quiet/15_02_2014/jprg0460.14i
     1.0            IONOSPHERE MAPS     GPS                 IONEX VERSION / TYPE
GIM V3.0            JPL - GNISD         16-feb-2014 06:31   PGM / RUN BY / DATE 
JPL'S GLOBAL IONOSPHERE MAPS YEAR 2014 DAY 046              COMMENT             
Global Ionospheric Maps (GIM) are generated on an hourly    DESCRIPTION         
and daily basis at JPL using data from up to 100 GPS sites  DESCRIPTION         
of the IGS and others institutions.                         DESCRIPTION         
The vertical TEC is modeled in a solar-geomagnetic          DESCRIPTION         
reference frame using bi-cubic splines on a spherical grid. DESCRIPTION         
A Kalman filter is used to solve simultaneously for         DESCRIPTION         
instrumental biases and VTEC on the grid (as stochastic     DESCRIPTION         
parameters).                                                DESCRIPTION         
Contact Address:  gpsiono@cobra.jpl.nasa.gov .              DESCRIPTION         
  2014     2    15     0     0     0                        EPOCH OF FIRST MAP  
  2014     2    16     0     0     0                        EPOCH OF LAST MAP   
  7200                                                      INTERVAL            
    13                                                      # OF MAPS IN FILE   
  NONE                                                      MAPPING FUNCTION    
    10.0                                                    ELEVATION CUTOFF    
One-way carrier phase leveled to code                       OBSERVABLES USED    
   170                                                      # OF STATIONS       
    31                                                      # OF SATELLITES     
  6371.0                                                    BASE RADIUS         
     2                                                      MAP DIMENSION       
   450.0 450.0   0.0                                        HGT1 / HGT2 / DHGT  
    87.5 -87.5  -2.5                                        LAT1 / LAT2 / DLAT  
  -180.0 180.0   5.0                                        LON1 / LON2 / DLON  
    -1                                                      EXPONENT            
TEC/RMS values in 0.1 TECU; 9999, if no value available     COMMENT             
                                                            END OF HEADER       
[from data line 429]
     2                                                      START OF TEC MAP    
  2014     2    15     2     0     0                        EPOCH OF CURRENT MAP
    87.5-180.0 180.0   5.0 450.0                            LAT/LON1/LON2/DLON/H
  176  176  176  176  176  176  175  174  174  173  172  171  170  169  168  167
  166  164  163  162  161  159  158  157  156  154  153  151  150  149  147  146
  145  144  143  142  140  140  139  138  137  137  137  136  136  137  137  137
  138  139  140  141  143  144  146  148  150  152  154  156  158  160  163  165
  166  168  170  171  173  174  175  175  176
    85.0-180.0 180.0   5.0 450.0                            LAT/LON1/LON2/DLON/H
  199  198  198  197  195  193  191  189  187  184  182  180  177  175  173  171
  169  168  166  164  162  161  159  157  155  153  151  148  146  144  142  140
  138  135  133  131  129  127  125  124  122  121  120  119  118  117  117  118
  118  120  122  124  127  130  134  138  142  147  152  157  162  167  172  177
  181  185  188  191  194  196  197  198  199
    82.5-180.0 180.0   5.0 450.0                            LAT/LON1/LON2/DLON/H
  224  223  221  218  214  210  205  200  195  190  186  182  178  175  172  169
  167  165  163  162  160  159  157  155  153  151  148  146  143  140  137  134
  131  128  126  123  120  118  116  113  111  109  107  105  103  102  101  100
  101  102  103  106  110  115  121  128  135  143  151  159  167  176  184  191
  198  205  210  215  219  222  224  225  224
    80.0-180.0 180.0   5.0 450.0                            LAT/LON1/LON2/DLON/H
  251  249  245  240  233  225  217  209  200  192  185  178  173  168  164  161
  159  157  156  155  154  154  152  151  149  146  144  140  137  133  130  126
  123  119  116  114  111  109  107  105  103  100   98   95   92   90   88   87
   86   86   88   91   96  102  110  119  129  140  151  163  174  186  197  207
  217  226  233  240  245  249  251  252  251
    77.5-180.0 180.0   5.0 450.0                            LAT/LON1/LON2/DLON/H
  276  272  267  259  250  240  228  217  205  194  184  175  167  160  155  150
  147  145  144  144  144  144  144  143  141  139  136  133  129  125  121  117
  113  110  107  104  102  100   99   97   95   93   91   88   85   82   79   76
   75   74   76   79   84   92  101  113  126  139  153  168  182  196  210  223
  234  245  254  262  269  273  276  277  276
    75.0-180.0 180.0   5.0 450.0                            LAT/LON1/LON2/DLON/H
  295  291  285  276  265  253  240  227  214  201  188  176  165  156  147  140
  135  132  130  130  130  131  132  132  131  130  127  124  120  116  112  108
  104  101   98   96   94   92   91   89   88   86   84   82   79   75   72   69
   67   66   67   70   76   85   97  110  126  142  159  175  191  207  222  236
  248  260  270  279  286  291  295  296  295
    72.5-180.0 180.0   5.0 450.0                            LAT/LON1/LON2/DLON/H
  306  303  298  289  279  267  254  240  227  213  199  185  170  156  143  132
  123  118  116  116  117  118  119  120  120  119  117  114  111  107  103  100
   96   93   91   89   87   85   84   82   81   80   78   76   73   70   67   64
   61   61   62   66   73   83   96  112  129  148  166  184  202  218  233  247
  259  270  280  288  295  301  305  307  306
    70.0-180.0 180.0   5.0 450.0                            LAT/LON1/LON2/DLON/H
  311  309  304  298  289  278  267  255  243  229  214  198  180  161  143  128
  116  110  107  106  107  108  109  110  110  110  108  106  102   99   96   93
   90   87   85   83   81   79   77   76   74   72   71   69   67   65   63   60
   58   58   60   65   73   84  100  117  137  157  177  196  214  230  244  256
  267  277  285  292  299  304  308  310  311
    67.5-180.0 180.0   5.0 450.0                            LAT/LON1/LON2/DLON/H
  311  310  307  302  295  287  278  269  258  245  230  212  191  168  147  130
  117  110  106  104  103  103  103  103  104  104  102  100   96   93   90   87
   85   83   80   78   75   73   71   69   67   65   64   63   62   60   59   58
   57   58   61   67   76   90  107  126  148  170  191  211  229  244  256  266
  274  281  288  294  299  304  308  310  311
    65.0-180.0 180.0   5.0 450.0                            LAT/LON1/LON2/DLON/H
  311  310  308  304  298  291  284  277  268  256  242  223  201  177  155  137
  125  117  113  111  108  105  104  103  103  102  100   97   93   90   86   84
   81   79   76   73   70   67   65   62   60   59   58   57   57   57   57   57
   58   60   64   72   83   98  117  139  162  186  209  229  247  260  269  276
  281  286  290  295  299  303  307  310  311
    62.5-180.0 180.0   5.0 450.0                            LAT/LON1/LON2/DLON/H
  313  313  310  306  300  293  287  279  270  260  246  229  208  185  164  148
  137  130  126  123  118  114  110  108  106  104  101   97   93   89   85   82
   80   76   73   69   66   62   60   57   55   55   54   55   55   56   57   59
   60   64   70   80   93  110  131  154  179  204  228  249  265  277  283  287
  289  291  294  298  302  306  310  312  313
    60.0-180.0 180.0   5.0 450.0                            LAT/LON1/LON2/DLON/H
  321  319  316  310  303  295  286  277  268  257  244  228  210  191  173  159
  150  145  141  137  131  125  120  116  113  109  105  100   95   90   87   83
   80   76   71   67   63   59   57   55   54   54   55   56   57   59   61   62
   65   70   78   89  105  124  146  170  196  222  246  268  284  294  297  298
  297  298  300  304  309  313  317  320  321
    57.5-180.0 180.0   5.0 450.0                            LAT/LON1/LON2/DLON/H
  333  331  326  319  309  298  286  274  262  251  238  225  210  194  179  167
  160  156  154  149  143  136  129  124  120  115  110  105   99   94   91   87
   83   77   72   67   63   60   58   57   57   58   60   62   64   65   67   69
   72   78   87  100  117  138  162  187  213  238  263  284  300  308  310  308
  305  305  307  311  317  323  328  332  333
    55.0-180.0 180.0   5.0 450.0                            LAT/LON1/LON2/DLON/H
  348  346  341  332  319  305  289  273  258  244  232  220  207  194  182  172
  166  163  161  157  151  143  136  130  126  121  116  110  105  100   96   92
   87   82   76   70   67   64   63   64   65   67   69   71   73   75   76   77
   80   86   97  111  130  152  176  202  227  252  276  297  312  320  321  318
  314  312  314  319  325  333  340  345  348
    52.5-180.0 180.0   5.0 450.0                            LAT/LON1/LON2/DLON/H
  362  362  357  347  332  315  295  276  257  240  227  215  204  193  182  174
  168  166  164  160  154  147  140  134  130  126  121  116  111  106  103   99
   94   88   82   77   75   74   74   75   77   79   82   84   85   87   87   88
   90   96  107  122  142  165  190  215  239  263  285  305  321  329  330  326
  322  320  321  326  333  342  351  358  362
    50.0-180.0 180.0   5.0 450.0                            LAT/LON1/LON2/DLON/H
  375  377  373  363  348  328  306  283  261  241  225  212  201  190  181  173
  168  165  164  161  155  149  142  138  134  130  126  121  117  113  109  105
  100   95   90   88   87   87   88   89   91   93   95   97   99  100  100  100
  102  107  118  133  153  177  202  227  249  271  291  311  326  335  337  334
  330  328  328  331  338  347  358  368  375
    47.5-180.0 180.0   5.0 450.0                            LAT/LON1/LON2/DLON/H
  384  389  387  379  364  343  320  294  269  246  226  211  198  188  178  171
  166  164  162  160  156  150  145  141  138  136  132  128  123  119  115  111
  106  102  100  100  100  101  102  103  104  106  107  109  111  113  113  113
  114  118  128  144  164  188  213  237  258  277  296  314  329  339  342  341
  338  336  335  337  343  352  363  375  384
    45.0-180.0 180.0   5.0 450.0                            LAT/LON1/LON2/DLON/H
  392  399  400  393  380  361  337  310  281  254  231  212  197  185  175  168
  164  162  162  161  158  154  150  147  145  143  140  135  130  126  121  116
  112  110  109  111  114  115  115  115  115  116  118  120  123  125  126  124
  125  129  139  155  175  199  224  246  264  281  298  316  331  341  347  348
  347  345  345  346  351  359  369  381  392
    42.5-180.0 180.0   5.0 450.0                            LAT/LON1/LON2/DLON/H
  400  408  411  406  395  380  358  330  298  267  239  216  198  184  174  166
  163  162  163  163  162  160  157  156  154  153  149  144  138  132  127  122
  118  117  118  122  124  125  124  123  122  123  125  129  132  135  136  134
  134  138  149  165  187  210  233  253  270  285  301  318  333  344  351  354
  356  357  358  360  364  370  378  389  400
    40.0-180.0 180.0   5.0 450.0                            LAT/LON1/LON2/DLON/H
  410  417  420  417  410  398  380  353  318  283  252  225  203  186  174  166
  163  163  165  167  168  167  167  166  166  164  159  154  147  140  134  129
  125  125  126  130  132  131  129  127  126  127  130  135  140  143  143  141
  140  144  157  175  198  221  243  261  275  290  306  323  338  350  358  364
  369  374  379  382  385  388  393  401  410
    37.5-180.0 180.0   5.0 450.0                            LAT/LON1/LON2/DLON/H
  423  426  427  425  420  414  400  375  341  303  268  238  213  193  178  169
  164  164  166  169  173  175  177  178  178  175  171  165  158  150  143  138
  135  134  134  136  136  134  132  129  128  129  134  140  145  148  147  144
  142  148  163  185  209  233  253  270  283  298  316  334  350  364  375  384
  392  401  409  415  417  417  417  419  423
    35.0-180.0 180.0   5.0 450.0                            LAT/LON1/LON2/DLON/H
  441  436  432  428  425  423  415  395  361  323  287  255  227  204  186  174
  166  164  165  169  175  180  185  188  189  187  182  177  170  163  156  150
  147  145  143  141  138  135  132  129  128  130  136  142  148  150  148  144
  142  150  168  193  219  243  264  280  295  311  332  354  374  392  407  420
  431  443  454  461  462  458  451  445  441
    32.5-180.0 180.0   5.0 450.0                            LAT/LON1/LON2/DLON/H
  469  454  440  428  422  423  423  409  379  341  306  274  244  219  197  181
  169  163  161  165  172  181  189  196  198  196  192  189  185  179  172  166
  162  158  153  147  140  135  131  128  128  131  137  143  148  149  146  141
  140  150  171  199  227  254  277  295  311  332  357  385  412  437  459  477
  492  505  516  522  523  515  501  485  469
    30.0-180.0 180.0   5.0 450.0                            LAT/LON1/LON2/DLON/H
  514  486  460  437  422  418  422  414  390  355  322  292  263  235  210  188
  172  160  156  158  167  178  191  201  205  204  203  204  205  200  193  185
  179  173  164  153  142  135  130  128  128  131  136  142  145  144  140  136
  137  149  173  203  235  264  290  312  333  358  390  425  462  497  529  555
  574  587  596  602  601  591  569  542  514
    27.5-180.0 180.0   5.0 450.0                            LAT/LON1/LON2/DLON/H
  583  542  503  466  437  423  423  418  396  364  333  306  279  251  223  196
  173  157  149  151  161  176  193  207  213  214  217  224  229  227  219  208
  199  190  177  161  145  135  130  128  128  130  134  138  139  136  132  128
  132  147  174  207  241  273  303  330  356  388  426  469  515  562  604  639
  663  677  685  692  696  687  661  623  583
    25.0-180.0 180.0   5.0 450.0                            LAT/LON1/LON2/DLON/H
  680  631  580  529  481  449  438  428  405  372  343  318  294  266  235  202
  173  154  146  148  159  178  199  216  225  229  237  251  262  262  252  236
  220  207  191  170  150  137  130  128  127  127  129  130  128  125  121  120
  126  145  174  209  246  282  316  348  381  418  461  510  564  620  670  712
  741  756  764  776  790  789  766  726  680
    22.5-180.0 180.0   5.0 450.0                            LAT/LON1/LON2/DLON/H
  792  746  696  638  570  511  477  456  425  388  357  333  309  281  246  207
  173  153  147  152  166  188  213  233  244  251  266  288  304  305  291  266
  242  223  204  179  155  139  131  127  125  123  121  119  115  111  108  109
  120  142  174  211  251  290  328  365  404  446  492  543  600  660  713  756
  787  804  817  838  865  878  864  832  792
    20.0-180.0 180.0   5.0 450.0                            LAT/LON1/LON2/DLON/H
  895  865  830  779  702  615  550  507  465  420  385  357  331  300  261  214
  175  157  157  167  185  209  237  260  272  282  304  332  353  353  332  296
  262  237  214  188  162  143  133  127  123  118  113  107  101   96   95   99
  113  138  173  214  256  298  339  380  423  469  515  563  617  673  721  757
  785  805  825  858  901  932  936  920  895
    17.5-180.0 180.0   5.0 450.0                            LAT/LON1/LON2/DLON/H
  967  963  954  923  847  740  649  586  530  476  432  397  363  328  284  230
  186  172  181  198  217  243  272  295  307  320  346  379  400  397  367  320
  275  244  220  194  168  149  136  128  121  114  105   96   88   83   82   89
  105  134  172  216  262  306  348  392  439  487  530  572  618  664  699  721
  739  757  783  825  881  931  958  967  967
    15.0-180.0 180.0   5.0 450.0                            LAT/LON1/LON2/DLON/H
  982 1011 1039 1038  974  859  752  677  615  556  504  457  412  369  320  262
  215  204  224  248  267  288  314  336  347  361  389  422  438  429  391  334
  279  244  220  197  175  156  141  130  121  111   99   88   79   74   73   80
   98  129  170  218  268  313  356  401  452  500  538  572  609  644  664  668
  671  685  711  755  813  872  918  952  982
    12.5-180.0 180.0   5.0 450.0                            LAT/LON1/LON2/DLON/H
  934  990 1054 1090 1051  944  836  761  702  644  589  532  476  427  376  315
  266  261  291  321  334  344  362  379  389  403  428  453  460  441  395  331
  271  235  214  197  181  165  148  134  123  111   98   86   76   69   67   73
   91  124  169  220  272  319  362  408  460  507  540  566  595  621  629  618
  608  616  640  677  727  783  837  885  934
    10.0-180.0 180.0   5.0 450.0                            LAT/LON1/LON2/DLON/H
  850  917 1000 1062 1052  972  883  821  773  724  671  608  544  493  445  388
  342  344  386  420  420  410  413  422  430  442  460  468  459  431  380  314
  255  221  206  197  188  175  158  142  128  114  100   88   77   69   65   69
   87  121  167  221  275  323  367  414  466  510  537  556  582  607  611  591
  574  577  595  620  654  698  746  796  850
     7.5-180.0 180.0   5.0 450.0                            LAT/LON1/LON2/DLON/H
  763  825  909  981  990  938  877  841  814  780  734  671  606  557  517  468
  428  440  496  533  516  480  462  460  466  476  481  469  442  404  352  289
  237  209  199  198  196  187  171  153  137  121  106   94   82   72   66   69
   85  119  167  221  275  325  370  417  467  508  529  545  572  604  616  601
  587  591  604  614  626  647  678  717  763
     5.0-180.0 180.0   5.0 450.0                            LAT/LON1/LON2/DLON/H
  704  748  816  881  898  869  835  821  813  797  765  710  650  608  577  539
  508  528  596  636  602  539  499  487  490  499  492  459  414  368  318  264
  222  202  199  203  206  200  185  166  148  130  115  102   90   78   70   72
   87  120  166  220  273  324  371  418  466  502  518  532  565  609  636  637
  636  650  665  669  663  659  663  678  704
     2.5-180.0 180.0   5.0 450.0                            LAT/LON1/LON2/DLON/H
  704  720  757  798  811  795  779  780  785  781  759  715  666  634  613  585
  562  590  664  703  655  572  515  493  497  506  491  441  381  332  287  245
  216  206  207  213  217  211  197  178  158  139  124  111   98   86   77   77
   91  123  167  218  270  321  369  416  460  492  505  519  559  617  662  684
  704  733  757  761  747  725  708  701  704
