gLAB/files/quiet/15_02_2014/jprg0460.14i
     1.0            IONOSPHERE MAPS     GPS                 IONEX VERSION / TYPE
GIM V3.0            JPL - GNISD         16-feb-2014 06:31   PGM / RUN BY / DATE 
JPL'S GLOBAL IONOSPHERE MAPS YEAR 2014 DAY 046              COMMENT             
Global Ionospheric Maps (GIM) are generated on an hourly    DESCRIPTION         
and daily basis at JPL using data from up to 100 GPS sites  DESCRIPTION         
of the IGS and others institutions.                         DESCRIPTION         
The vertical TEC is modeled in a solar-geomagnetic          DESCRIPTION         
reference frame using bi-cubic splines on a spherical grid. DESCRIPTION         
A Kalman filter is used to solve simultaneously for         DESCRIPTION         
instrumental biases and VTEC on the grid (as stochastic     DESCRIPTION         
parameters).                                                DESCRIPTION         
Contact Address:  gpsiono@cobra.jpl.nasa.gov .              DESCRIPTION         
  2014     2    15     0     0     0                        EPOCH OF FIRST MAP  
  2014     2    16     0     0     0                        EPOCH OF LAST MAP   
  7200                                                      INTERVAL            
    13                                                      # OF MAPS IN FILE   
  NONE                                                      MAPPING FUNCTION    
    10.0                                                    ELEVATION CUTOFF    
One-way carrier phase leveled to code                       OBSERVABLES USED    
   170                                                      # OF STATIONS       
    31                                                      # OF SATELLITES     
  6371.0                                                    BASE RADIUS         
     2                                                      MAP DIMENSION       
   450.0 450.0   0.0                                        HGT1 / HGT2 / DHGT  
    87.5 -87.5  -2.5                                        LAT1 / LAT2 / DLAT  
  -180.0 180.0   5.0                                        LON1 / LON2 / DLON  
    -1                                                      EXPONENT            
TEC/RMS values in 0.1 TECU; 9999, if no value available     COMMENT             
                                                            END OF HEADER       
[from data line 5148]
    13                                                      START OF TEC MAP    
  2014     2    16     0     0     0                        EPOCH OF CURRENT MAP
    87.5-180.0 180.0   5.0 450.0                            LAT/LON1/LON2/DLON/H
  223  225  227  228  230  231  232  233  234  234  235  235  235  235  235  234
  233  233  232  230  229  228  226  225  223  222  220  219  217  215  214  212
  211  209  208  207  206  205  204  204  203  202  202  202  201  201  201  201
  201  201  201  201  202  202  202  202  203  203  204  205  206  207  208  209
  210  212  213  215  216  218  220  222  223
    85.0-180.0 180.0   5.0 450.0                            LAT/LON1/LON2/DLON/H
  227  231  235  239  242  245  248  250  251  252  253  253  252  252  250  249
  247  244  242  239  236  233  229  226  222  218  214  210  207  203  199  196
  193  190  188  186  184  183  182  181  181  180  180  180  181  181  182  182
  183  184  184  184  185  185  185  185  185  186  186  187  188  189  190  192
  195  198  201  205  209  213  218  222  227
    82.5-180.0 180.0   5.0 450.0                            LAT/LON1/LON2/DLON/H
  232  240  247  254  260  264  268  271  273  273  273  272  271  268  266  262
  259  255  251  246  241  236  230  224  218  211  204  197  191  185  179  174
  170  166  163  160  159  157  156  156  156  156  157  158  159  160  162  163
  165  166  168  169  169  169  169  169  168  167  167  167  167  168  170  173
  176  181  186  193  200  208  216  224  232
    80.0-180.0 180.0   5.0 450.0                            LAT/LON1/LON2/DLON/H
  242  254  265  276  284  291  297  300  301  301  299  295  291  287  282  277
  271  265  259  253  246  239  231  222  213  203  193  184  175  167  160  153
  148  144  141  139  138  137  136  136  135  136  137  138  139  141  143  146
  148  151  153  155  157  157  157  156  154  152  151  149  148  149  150  153
  158  164  173  182  193  205  217  230  242
    77.5-180.0 180.0   5.0 450.0                            LAT/LON1/LON2/DLON/H
  257  274  290  305  318  328  334  338  338  335  330  323  315  306  298  290
  283  276  269  261  253  244  234  223  210  197  184  172  160  150  142  135
  131  128  126  126  125  125  125  125  124  124  124  124  125  127  129  132
  135  139  142  145  148  149  149  148  146  143  139  136  134  133  134  137
  143  151  161  174  188  204  221  239  257
    75.0-180.0 180.0   5.0 450.0                            LAT/LON1/LON2/DLON/H
  274  297  319  339  357  370  378  382  381  375  365  352  339  327  315  305
  296  288  281  273  263  253  241  227  211  195  178  163  149  137  128  122
  118  118  119  120  122  123  123  123  122  120  119  117  117  117  119  122
  125  130  134  139  143  146  146  145  142  138  133  129  125  123  124  127
  133  142  154  169  187  206  228  251  274
    72.5-180.0 180.0   5.0 450.0                            LAT/LON1/LON2/DLON/H
  290  319  347  373  395  412  422  426  423  414  400  383  366  350  335  323
  313  303  294  285  274  262  249  232  214  195  175  157  141  128  120  115
  113  115  118  121  125  127  127  126  124  121  118  116  114  113  113  116
  119  123  129  134  139  143  145  144  141  137  131  126  122  119  119  123
  129  139  152  168  188  210  235  262  290
    70.0-180.0 180.0   5.0 450.0                            LAT/LON1/LON2/DLON/H
  303  336  368  398  425  446  459  463  459  448  432  413  394  375  358  343
  330  318  307  296  284  270  255  237  217  196  174  154  137  125  117  114
  114  117  122  126  130  132  132  130  126  122  118  115  112  111  111  112
  114  118  123  129  134  139  142  142  140  136  131  126  123  121  122  126
  133  143  157  173  193  217  243  272  303
    67.5-180.0 180.0   5.0 450.0                            LAT/LON1/LON2/DLON/H
  314  347  381  413  443  466  482  488  485  475  459  439  419  399  380  363
  346  331  316  302  289  275  258  240  219  196  174  154  136  124  118  116
  118  122  127  131  134  134  132  129  124  119  116  113  111  109  108  109
  110  112  116  122  127  131  135  136  135  133  131  129  128  129  132  138
  146  157  170  186  205  228  254  283  314
    65.0-180.0 180.0   5.0 450.0                            LAT/LON1/LON2/DLON/H
  325  356  388  419  448  472  488  497  497  490  476  459  440  420  400  379
  359  339  321  304  289  273  257  238  217  195  174  154  137  126  120  119
  122  126  130  133  133  130  126  121  116  112  109  108  107  107  106  105
  105  106  108  111  115  118  121  124  125  127  129  132  137  143  151  160
  170  182  194  209  226  246  270  296  325
    62.5-180.0 180.0   5.0 450.0                            LAT/LON1/LON2/DLON/H
  339  365  392  420  446  468  484  493  495  491  482  469  453  435  414  392
  368  345  322  302  285  268  251  233  213  192  172  154  139  128  123  122
  124  127  129  128  126  121  115  110  105  102  101  101  102  102  101  100
   98   97   97   98  100  102  105  108  113  119  127  138  149  162  176  190
  204  217  230  244  259  276  295  316  339
    60.0-180.0 180.0   5.0 450.0                            LAT/LON1/LON2/DLON/H
  361  379  399  420  442  460  474  482  486  484  479  470  458  442  423  400
  375  348  323  300  280  262  244  226  207  189  171  155  141  131  125  123
  123  124  123  120  115  109  103   97   93   92   92   94   96   97   96   94
   91   89   87   86   86   87   90   94  102  113  128  145  165  185  206  225
  242  258  272  286  300  314  329  344  361
    57.5-180.0 180.0   5.0 450.0                            LAT/LON1/LON2/DLON/H
  388  399  411  425  440  453  464  470  473  473  470  465  456  444  427  405
  380  353  325  300  277  257  239  220  203  186  171  157  144  134  127  123
  121  118  115  111  105   99   93   88   85   85   87   90   92   93   92   90
   87   83   81   79   78   78   80   85   95  111  132  156  183  210  236  260
  281  299  315  329  342  355  366  377  388
    55.0-180.0 180.0   5.0 450.0                            LAT/LON1/LON2/DLON/H
  414  419  426  434  444  453  459  462  462  461  460  457  451  442  429  410
  386  359  331  304  279  257  236  217  201  186  173  160  148  138  129  123
  118  114  109  104   98   93   88   85   84   84   86   89   91   91   91   89
   86   84   81   79   78   77   79   85   97  116  141  170  202  235  265  292
  315  334  351  367  380  391  401  408  414
    52.5-180.0 180.0   5.0 450.0                            LAT/LON1/LON2/DLON/H
  434  435  438  443  450  457  461  460  456  453  452  450  447  441  430  414
  393  368  341  312  285  260  238  218  201  188  176  165  153  141  131  123
  116  111  106  102   98   95   92   89   88   88   90   92   94   95   95   94
   93   91   90   89   88   88   89   95  107  128  155  187  222  257  290  317
  339  358  376  393  407  419  427  432  434
    50.0-180.0 180.0   5.0 450.0                            LAT/LON1/LON2/DLON/H
  443  442  442  445  452  459  463  461  455  450  449  448  446  441  431  418
  399  377  350  322  294  267  243  222  205  192  181  169  157  144  133  123
  115  110  108  107  105  103  101   99   97   97   98  100  102  103  104  105
  105  106  106  106  105  105  106  111  123  143  171  204  240  277  309  334
  354  372  389  406  420  431  439  443  443
    47.5-180.0 180.0   5.0 450.0                            LAT/LON1/LON2/DLON/H
  439  436  434  436  443  452  460  460  456  451  451  451  449  443  434  421
  404  383  357  330  301  274  250  228  211  197  185  173  159  145  132  122
  115  112  113  115  116  115  113  111  108  107  108  111  114  116  119  121
  122  124  125  126  126  124  123  127  139  160  188  221  256  291  322  345
  362  377  393  410  424  433  438  440  439
    45.0-180.0 180.0   5.0 450.0                            LAT/LON1/LON2/DLON/H
  426  419  413  411  417  431  447  455  455  454  455  457  454  447  436  421
  404  383  359  333  306  281  257  236  218  203  189  174  158  143  131  121
  115  115  119  124  127  127  125  122  119  118  120  124  128  132  135  138
  140  142  144  145  144  141  138  141  154  176  203  235  269  301  329  348
  363  376  392  408  422  430  432  430  426
    42.5-180.0 180.0   5.0 450.0                            LAT/LON1/LON2/DLON/H
  412  400  387  377  378  396  423  443  452  456  460  463  460  451  437  420
  400  378  355  330  307  285  264  244  227  210  193  174  157  142  130  122
  118  119  125  132  136  136  134  131  128  128  131  137  142  147  150  153
  156  158  160  160  157  152  147  149  163  187  215  245  276  306  330  347
  360  373  389  407  421  427  427  421  412
    40.0-180.0 180.0   5.0 450.0                            LAT/LON1/LON2/DLON/H
  406  387  366  346  341  359  395  428  446  456  463  467  464  453  436  416
  394  371  348  325  305  287  270  253  236  218  198  176  158  143  134  128
  125  126  131  137  141  141  139  136  134  135  140  147  154  158  161  163
  166  168  170  169  164  156  148  150  167  194  224  253  281  306  328  344
  357  371  389  409  425  432  430  421  406
    37.5-180.0 180.0   5.0 450.0                            LAT/LON1/LON2/DLON/H
  414  388  361  334  322  338  378  418  442  455  463  468  464  453  435  413
  389  364  341  320  302  288  275  261  245  227  205  183  164  152  146  142
  138  136  137  141  143  143  142  140  139  142  148  155  161  164  166  168
  171  173  174  172  166  156  147  149  168  199  231  258  282  305  326  342
  358  376  397  420  439  449  448  435  414
    35.0-180.0 180.0   5.0 450.0                            LAT/LON1/LON2/DLON/H
  441  412  385  357  338  347  383  423  446  458  464  467  462  451  433  411
  386  362  338  317  302  290  279  266  253  237  217  196  180  171  169  167
  160  152  147  145  146  147  147  145  143  146  153  159  163  164  166  168
  170  173  174  172  165  153  143  146  169  202  235  261  284  305  327  348
  369  392  418  443  465  478  480  467  441
    32.5-180.0 180.0   5.0 450.0                            LAT/LON1/LON2/DLON/H
  486  459  441  423  403  398  418  447  464  469  469  467  461  448  432  411
  389  366  342  321  305  292  281  269  258  247  234  219  206  202  204  203
  191  175  162  155  154  155  155  151  148  150  156  160  161  161  162  164
  167  170  171  168  161  150  141  146  170  204  237  263  285  309  336  364
  395  426  456  481  504  521  527  514  486
    30.0-180.0 180.0   5.0 450.0                            LAT/LON1/LON2/DLON/H
  548  525  522  521  506  490  488  497  498  491  481  472  461  448  432  414
  396  375  352  330  311  296  283  270  263  260  257  249  242  243  248  247
  231  206  185  173  170  172  170  161  154  154  158  159  157  155  155  158
  162  165  165  162  156  147  141  148  173  206  238  264  288  317  352  394
  438  480  514  537  557  577  588  577  548
    27.5-180.0 180.0   5.0 450.0                            LAT/LON1/LON2/DLON/H
  625  607  619  638  632  606  583  569  551  528  504  484  466  450  434  419
  403  385  363  340  319  301  286  275  273  279  286  287  285  289  297  296
  277  246  217  201  196  197  190  175  161  157  158  157  152  148  148  151
  156  159  158  155  149  143  141  152  177  209  239  265  293  327  374  430
  491  548  587  605  621  645  663  654  625
    25.0-180.0 180.0   5.0 450.0                            LAT/LON1/LON2/DLON/H
  711  696  720  755  762  733  692  656  619  578  538  505  478  456  437  423
  410  394  373  349  326  308  294  288  292  308  324  331  333  339  349  348
  326  291  257  235  228  226  214  190  169  160  158  153  146  141  142  145
  149  151  150  146  142  138  141  156  182  212  240  267  298  340  398  469
  546  616  660  674  687  716  743  740  711
    22.5-180.0 180.0   5.0 450.0                            LAT/LON1/LON2/DLON/H
  796  783  810  857  881  860  810  755  698  639  583  535  497  467  443  426
  413  398  376  352  330  316  309  312  327  350  371  381  383  390  400  398
  375  338  299  272  261  254  235  204  176  162  156  149  140  135  135  138
  141  142  140  136  132  132  140  159  186  215  243  271  304  352  419  501
  591  672  719  731  743  779  817  821  796
    20.0-180.0 180.0   5.0 450.0                            LAT/LON1/LON2/DLON/H
  864  851  877  932  978  977  929  861  787  711  638  576  526  486  454  431
  414  397  374  349  332  326  333  353  380  408  428  434  433  437  445  441
  417  377  336  306  289  276  251  214  181  163  153  144  135  129  128  130
  131  131  128  124  122  125  137  160  191  220  247  275  311  362  434  522
  617  703  753  765  778  822  871  884  864
    17.5-180.0 180.0   5.0 450.0                            LAT/LON1/LON2/DLON/H
  900  889  912  975 1047 1076 1041  968  882  791  704  628  566  516  475  444
  421  399  373  348  336  342  366  404  443  471  485  484  477  475  479  472
  445  404  362  329  308  288  258  219  186  165  152  141  131  124  121  121
  120  119  115  112  111  116  132  161  196  226  253  282  318  371  444  531
  623  705  752  766  783  834  891  912  900
    15.0-180.0 180.0   5.0 450.0                            LAT/LON1/LON2/DLON/H
  890  885  909  982 1083 1146 1130 1062  973  876  779  692  620  562  512  472
  441  413  382  357  351  368  406  459  505  530  534  524  509  501  498  485
  454  411  371  340  317  292  258  221  190  168  153  140  129  120  115  112
  109  106  102  100  102  109  129  162  201  233  261  290  327  379  450  532
  615  687  729  742  760  809  866  893  890
    12.5-180.0 180.0   5.0 450.0                            LAT/LON1/LON2/DLON/H
  834  834  863  948 1076 1172 1182 1127 1044  950  853  763  687  625  570  520
  480  445  410  385  383  407  453  510  555  572  565  546  524  509  497  477
  441  400  365  341  319  291  256  222  194  173  157  143  130  119  111  104
   99   95   92   92   96  106  128  165  207  241  269  299  337  388  456  531
  602  661  695  707  724  764  811  833  834
    10.0-180.0 180.0   5.0 450.0                            LAT/LON1/LON2/DLON/H
  753  753  783  873 1017 1141 1179 1147 1081  999  911  827  755  696  642  588
  541  501  464  440  440  463  503  552  584  586  569  544  519  499  481  454
  417  379  352  336  318  289  256  225  200  181  165  150  135  122  110  100
   93   89   87   89   95  108  133  172  214  250  279  310  349  400  465  532
  591  637  665  676  689  717  746  756  753
     7.5-180.0 180.0   5.0 450.0                            LAT/LON1/LON2/DLON/H
  674  669  695  780  920 1051 1110 1106 1067 1008  939  871  812  763  714  662
  613  571  536  516  517  532  555  579  588  573  549  523  499  480  460  431
  395  362  341  332  318  291  260  233  209  190  175  160  144  128  113  101
   94   90   90   93  101  116  142  181  223  259  289  321  361  413  477  539
  590  628  651  663  671  685  694  687  674
     5.0-180.0 180.0   5.0 450.0                            LAT/LON1/LON2/DLON/H
  623  608  624  694  814  933  999 1014  998  966  925  883  844  812  774  727
  681  641  611  597  597  599  598  592  574  542  514  492  476  465  447  420
  388  359  343  336  321  295  268  242  219  200  186  172  155  138  123  110
  102   99   99  102  111  128  155  192  232  266  297  330  372  425  488  548
  595  630  655  672  682  686  677  651  623
     2.5-180.0 180.0   5.0 450.0                            LAT/LON1/LON2/DLON/H
  622  596  596  643  731  823  882  903  899  885  869  854  841  828  805  769
  729  695  672  665  665  653  627  591  548  504  475  460  459  462  455  434
  407  382  363  348  327  301  276  252  229  210  196  184  169  153  138  125
  117  113  112  114  123  140  167  202  239  272  302  336  378  432  495  555
  603  639  670  696  714  720  703  664  622
