gLAB/files/quiet/15_02_2014/jprg0460.14i
     1.0            IONOSPHERE MAPS     GPS                 IONEX VERSION / TYPE
GIM V3.0            JPL - GNISD         16-feb-2014 06:31   PGM / RUN BY / DATE 
JPL'S GLOBAL IONOSPHERE MAPS YEAR 2014 DAY 046              COMMENT             
Global Ionospheric Maps (GIM) are generated on an hourly    DESCRIPTION         
and daily basis at JPL using data from up to 100 GPS sites  DESCRIPTION         
of the IGS and others institutions.                         DESCRIPTION         
The vertical TEC is modeled in a solar-geomagnetic          DESCRIPTION         
reference frame using bi-cubic splines on a spherical grid. DESCRIPTION         
A Kalman filter is used to solve simultaneously for         DESCRIPTION         
instrumental biases and VTEC on the grid (as stochastic     DESCRIPTION         
parameters).                                                DESCRIPTION         
Contact Address:  gpsiono@cobra.jpl.nasa.gov .              DESCRIPTION         
  2014     2    15     0     0     0                        EPOCH OF FIRST MAP  
  2014     2    16     0     0     0                        EPOCH OF LAST MAP   
  7200                                                      INTERVAL            
    13                                                      # OF MAPS IN FILE   
  NONE                                                      MAPPING FUNCTION    
    10.0                                                    ELEVATION CUTOFF    
One-way carrier phase leveled to code                       OBSERVABLES USED    
   170                                                      # OF STATIONS       
    31                                                      # OF SATELLITES     
  6371.0                                                    BASE RADIUS         
     2                                                      MAP DIMENSION       
   450.0 450.0   0.0                                        HGT1 / HGT2 / DHGT  
    87.5 -87.5  -2.5                                        LAT1 / LAT2 / DLAT  
  -180.0 180.0   5.0                                        LON1 / LON2 / DLON  
    -1                                                      EXPONENT            
TEC/RMS values in 0.1 TECU; 9999, if no value available     COMMENT             
                                                            END OF HEADER       
[from data line 3003]
     8                                                      START OF TEC MAP    
  2014     2    15    14     0     0                        EPOCH OF CURRENT MAP
    87.5-180.0 180.0   5.0 450.0                            LAT/LON1/LON2/DLON/H
  139  140  141  142  142  143  143  144  144  144  144  144  144  143  143  142
  142  141  140  140  139  138  137  136  135  134  133  132  131  130  129  128
  126  125  124  123  122  121  120  119  118  118  117  116  116  115  115  115
  115  115  115  116  116  117  117  118  119  120  121  123  124  125  127  128
  129  131  132  133  135  136  137  138  139
    85.0-180.0 180.0   5.0 450.0                            LAT/LON1/LON2/DLON/H
  146  148  149  150  151  152  153  153  154  154  154  154  153  153  152  151
  150  149  148  147  146  145  144  142  141  140  138  137  135  134  132  130
  128  126  124  122  120  118  116  114  112  110  108  106  105  104  103  102
  102  102  102  102  103  104  105  107  109  111  113  115  118  120  123  126
  128  131  134  136  138  141  143  145  146
    82.5-180.0 180.0   5.0 450.0                            LAT/LON1/LON2/DLON/H
  146  147  148  149  150  151  153  154  155  155  156  156  156  156  155  155
  154  154  153  152  152  151  151  150  150  149  148  147  146  145  143  141
  138  135  132  129  125  122  118  114  111  108  104  101   99   96   94   93
   92   91   91   91   92   93   95   97   99  102  105  108  111  115  118  122
  125  129  132  135  138  140  142  144  146
    80.0-180.0 180.0   5.0 450.0                            LAT/LON1/LON2/DLON/H
  136  136  137  138  139  141  143  145  147  150  152  153  154  154  155  154
  154  154  155  155  156  157  159  160  162  163  164  165  165  164  162  160
  156  153  148  143  138  133  127  122  117  111  106  102   98   94   91   88
   86   84   84   84   84   85   87   89   92   95   98  101  105  108  112  116
  119  123  126  129  131  133  135  135  136
    77.5-180.0 180.0   5.0 450.0                            LAT/LON1/LON2/DLON/H
  119  119  119  120  121  124  128  132  137  141  145  148  150  151  151  151
  152  152  154  156  159  164  168  174  179  183  187  189  190  190  189  186
  182  177  171  164  157  150  142  135  128  121  114  108  102   97   93   89
   85   83   81   80   80   81   83   85   87   90   93   96   99  102  105  108
  111  114  116  118  120  121  121  120  119
    75.0-180.0 180.0   5.0 450.0                            LAT/LON1/LON2/DLON/H
  101   99   99   99  102  106  112  118  125  132  137  141  143  144  145  145
  145  147  150  156  162  171  180  190  199  207  213  217  219  219  218  215
  210  204  197  189  180  171  162  152  144  135  127  120  113  107  101   96
   91   87   84   83   82   82   83   84   86   88   90   92   93   95   96   97
   99  101  103  105  105  105  104  102  101
    72.5-180.0 180.0   5.0 450.0                            LAT/LON1/LON2/DLON/H
   84   82   81   81   85   90   97  105  113  121  127  131  133  134  134  135
  137  140  146  155  166  179  193  207  219  229  237  243  246  246  244  240
  235  229  222  213  203  193  182  172  162  153  144  136  129  122  115  109
  102   97   92   89   87   86   86   87   88   89   89   89   89   88   87   87
   87   88   89   90   90   90   88   86   84
    70.0-180.0 180.0   5.0 450.0                            LAT/LON1/LON2/DLON/H
   72   69   68   69   72   77   84   93  102  109  115  118  120  121  122  123
  126  132  141  154  169  187  205  222  237  249  258  264  266  265  263  259
  254  249  242  233  223  213  202  191  182  173  164  156  149  141  133  125
  118  110  103   98   94   91   90   90   90   90   90   88   85   82   79   77
   76   75   76   77   77   77   76   74   72
    67.5-180.0 180.0   5.0 450.0                            LAT/LON1/LON2/DLON/H
   64   62   61   61   63   68   74   82   90   97  102  106  107  108  109  111
  115  123  136  153  173  194  215  234  250  263  271  275  277  276  273  270
  266  261  256  248  239  229  219  209  200  192  185  178  170  162  154  144
  134  124  115  107  101   98   95   94   93   92   90   87   84   79   75   71
   68   67   66   67   68   68   68   66   64
    65.0-180.0 180.0   5.0 450.0                            LAT/LON1/LON2/DLON/H
   62   60   58   58   58   60   65   71   79   85   90   93   94   95   96   99
  105  115  132  152  175  198  221  241  258  269  276  279  280  279  277  274
  272  269  265  258  250  241  231  223  216  210  205  199  192  184  174  163
  150  138  126  115  108  103  100   98   96   94   92   88   84   79   75   70
   66   63   62   62   62   63   63   63   62
    62.5-180.0 180.0   5.0 450.0                            LAT/LON1/LON2/DLON/H
   62   61   59   57   55   55   58   62   68   74   79   82   83   84   85   89
   97  110  129  152  177  202  225  245  260  270  276  278  278  278  277  276
  275  274  271  265  258  249  240  234  229  225  222  218  212  204  193  180
  164  148  134  122  113  107  104  101   99   97   94   91   87   83   79   73
   68   65   62   61   61   62   63   63   62
    60.0-180.0 180.0   5.0 450.0                            LAT/LON1/LON2/DLON/H
   65   64   61   58   55   53   53   56   61   66   70   72   73   75   77   82
   92  108  129  154  180  206  228  247  261  269  274  275  276  277  278  279
  280  279  277  272  265  256  249  243  240  239  237  234  229  220  209  193
  176  157  140  127  118  112  109  106  103  101   98   96   93   90   86   81
   75   70   66   64   63   63   64   65   65
    57.5-180.0 180.0   5.0 450.0                            LAT/LON1/LON2/DLON/H
   69   68   66   63   58   54   52   53   56   60   64   66   67   69   73   81
   93  110  133  159  185  210  232  250  262  269  273  274  276  279  283  285
  287  287  284  279  273  265  258  254  252  252  251  248  243  234  221  205
  185  164  146  132  123  118  115  112  109  107  104  103  101   99   95   90
   84   78   72   69   67   67   67   68   69
    55.0-180.0 180.0   5.0 450.0                            LAT/LON1/LON2/DLON/H
   74   74   73   70   66   61   56   54   55   58   61   63   65   68   74   84
   99  119  142  168  194  217  237  253  264  271  275  278  281  286  290  294
  296  296  294  290  284  277  271  267  266  264  263  260  254  244  231  213
  192  171  152  139  131  126  124  122  119  116  114  112  111  109  106  101
   94   87   80   76   73   71   71   72   74
    52.5-180.0 180.0   5.0 450.0                            LAT/LON1/LON2/DLON/H
   79   80   81   80   76   71   65   60   59   61   63   64   66   70   79   92
  109  130  155  180  205  227  245  259  269  276  280  284  289  294  299  303
  306  306  305  302  298  294  289  284  280  277  274  269  262  252  238  219
  198  177  159  147  140  137  135  133  130  127  125  123  122  120  116  111
  103   96   89   83   79   77   77   77   79
    50.0-180.0 180.0   5.0 450.0                            LAT/LON1/LON2/DLON/H
   84   86   88   89   87   82   75   69   67   68   69   70   71   76   86  100
  120  144  170  195  218  237  254  267  276  282  287  292  296  302  306  310
  313  315  316  316  316  314  310  303  296  289  282  276  269  258  242  223
  201  182  166  156  151  148  146  144  140  137  135  133  131  129  125  119
  112  104   97   91   86   83   82   83   84
    47.5-180.0 180.0   5.0 450.0                            LAT/LON1/LON2/DLON/H
   88   90   93   96   95   91   84   78   76   78   79   79   79   83   93  109
  131  157  185  210  230  248  264  276  284  290  294  298  302  306  310  312
  316  321  326  332  336  336  332  322  310  297  287  280  273  261  245  224
  203  186  172  164  159  157  155  151  147  143  140  139  137  135  132  126
  120  112  105   98   93   90   88   87   88
    45.0-180.0 180.0   5.0 450.0                            LAT/LON1/LON2/DLON/H
   91   92   94   97   98   96   90   86   85   88   90   90   88   90   99  115
  139  169  199  223  242  258  272  285  293  298  301  303  305  307  308  312
  318  327  338  349  357  359  353  340  321  302  289  282  276  266  248  226
  205  188  176  169  165  162  158  152  146  142  139  138  138  138  136  131
  125  118  111  105  100   96   93   92   91
    42.5-180.0 180.0   5.0 450.0                            LAT/LON1/LON2/DLON/H
   93   91   92   94   96   95   91   89   92   97  101  100   97   97  104  119
  145  178  210  235  252  265  280  294  302  305  306  306  306  307  309  314
  324  339  355  370  380  382  373  355  330  306  291  285  282  273  254  229
  206  189  178  171  166  161  154  146  138  132  130  130  133  135  136  134
  129  122  115  109  105  101   98   95   93
    40.0-180.0 180.0   5.0 450.0                            LAT/LON1/LON2/DLON/H
   93   90   89   90   90   90   88   89   94  103  109  109  106  104  109  123
  150  186  221  245  259  271  287  302  311  314  313  311  311  313  318  327
  341  360  379  397  407  406  395  372  345  318  301  295  294  286  265  237
  209  190  178  171  164  157  149  138  128  121  119  121  126  131  135  135
  131  125  118  112  108  105  102   98   93
    37.5-180.0 180.0   5.0 450.0                            LAT/LON1/LON2/DLON/H
   95   90   86   85   84   84   83   85   93  105  114  116  113  111  115  129
  155  193  229  253  265  277  293  310  320  322  321  321  324  331  342  357
  376  397  417  432  439  436  421  398  372  345  326  318  316  308  284  250
  217  194  181  173  166  158  148  136  125  117  114  116  122  129  134  136
  133  127  120  114  110  108  104  100   95
    35.0-180.0 180.0   5.0 450.0                            LAT/LON1/LON2/DLON/H
   97   91   86   83   80   79   78   81   91  105  116  120  119  118  123  136
  163  200  236  259  271  282  299  317  329  332  333  337  347  364  386  409
  433  452  468  479  481  474  457  437  416  395  374  359  351  338  311  271
  233  207  193  184  175  167  159  148  136  128  122  121  126  132  137  138
  135  130  123  117  113  111  107  103   97
    32.5-180.0 180.0   5.0 450.0                            LAT/LON1/LON2/DLON/H
  100   94   90   85   81   77   75   78   88  102  115  121  123  126  133  147
  172  207  242  264  277  289  307  325  337  342  348  361  384  414  447  478
  504  522  532  537  534  522  506  493  484  470  443  416  396  377  345  300
  258  231  217  207  199  193  188  180  170  160  151  144  142  143  144  143
  140  135  129  123  118  115  111  106  100
    30.0-180.0 180.0   5.0 450.0                            LAT/LON1/LON2/DLON/H
  104   99   95   90   84   79   75   76   84   98  111  119  124  131  142  159
  183  214  246  269  283  296  314  332  345  354  368  392  429  472  516  554
  583  600  607  607  599  584  568  562  566  559  525  481  447  421  385  337
  294  269  258  248  239  235  234  231  222  210  195  180  169  162  156  152
  148  145  140  133  127  121  116  110  104
    27.5-180.0 180.0   5.0 450.0                            LAT/LON1/LON2/DLON/H
  108  104  100   95   89   82   77   76   81   93  104  111  119  132  150  169
  193  221  249  272  289  304  322  339  353  368  393  430  479  532  583  627
  659  680  689  686  673  653  635  635  649  649  608  548  500  467  429  381
  341  320  311  299  286  283  286  286  280  266  244  220  200  185  173  165
  161  159  156  149  139  129  121  114  108
    25.0-180.0 180.0   5.0 450.0                            LAT/LON1/LON2/DLON/H
  113  108  105  100   94   86   79   76   79   86   93   98  109  129  153  177
  202  227  252  275  294  312  330  346  362  385  422  473  531  588  640  686
  724  754  770  767  747  719  696  698  722  726  678  604  548  513  475  427
  391  375  366  348  330  324  329  333  328  313  286  256  229  209  194  184
  179  179  177  169  154  139  128  120  113
    22.5-180.0 180.0   5.0 450.0                            LAT/LON1/LON2/DLON/H
  117  111  106  102   96   88   81   75   75   78   80   82   94  120  151  181
  208  232  255  278  298  318  336  353  374  406  458  521  582  634  680  726
  771  813  839  836  808  770  740  741  771  777  724  643  586  553  516  471
  437  423  410  385  357  347  352  357  354  339  310  276  249  230  218  209
  205  204  202  191  171  151  136  126  117
    20.0-180.0 180.0   5.0 450.0                            LAT/LON1/LON2/DLON/H
  121  112  106  101   95   88   80   74   71   70   67   66   79  109  147  183
  212  236  258  280  301  321  340  360  387  432  498  572  631  670  706  748
  797  849  884  879  843  793  754  754  789  799  746  665  612  584  550  507
  474  456  434  396  359  341  343  348  347  335  308  278  257  249  245  241
  238  236  230  213  187  162  145  132  121
    17.5-180.0 180.0   5.0 450.0                            LAT/LON1/LON2/DLON/H
  124  112  104   98   92   85   78   72   68   63   57   54   67  101  143  183
  216  240  261  282  304  324  344  368  404  460  540  623  675  698  718  753
  803  858  895  886  840  780  736  739  782  799  749  672  625  603  572  531
  495  467  431  381  336  313  312  318  320  312  291  268  261  268  277  280
  278  272  259  235  203  174  154  138  124
    15.0-180.0 180.0   5.0 450.0                            LAT/LON1/LON2/DLON/H
  128  113  102   95   88   82   75   69   64   60   52   49   63   97  141  184
  218  243  264  285  307  328  351  379  423  490  581  667  711  717  721  746
  787  836  865  851  802  741  700  708  759  783  738  669  628  607  580  542
  504  464  413  354  304  279  277  283  289  286  272  260  268  292  315  325
  323  310  289  257  218  186  163  145  128
    12.5-180.0 180.0   5.0 450.0                            LAT/LON1/LON2/DLON/H
  132  114  101   93   85   78   71   66   62   58   53   52   67  101  144  186
  220  246  267  289  312  335  361  396  447  521  615  700  735  727  717  728
  755  790  807  790  746  694  660  676  731  759  720  659  622  602  578  547
  510  459  395  331  281  257  254  262  268  269  263  264  287  327  360  373
  369  349  318  278  235  199  174  153  132
    10.0-180.0 180.0   5.0 450.0                            LAT/LON1/LON2/DLON/H
  137  116  102   92   83   74   67   62   59   58   57   60   78  110  151  190
  222  248  271  295  321  348  378  419  475  551  642  717  743  727  708  706
  717  734  740  724  691  654  633  655  709  734  701  650  616  595  575  553
  521  465  394  328  283  263  263  270  275  277  278  290  327  377  414  424
  413  386  347  301  253  214  186  162  137
     7.5-180.0 180.0   5.0 450.0                            LAT/LON1/LON2/DLON/H
  144  120  105   94   82   71   63   58   57   58   62   70   90  122  160  195
  225  250  275  303  333  365  402  448  507  579  659  721  739  720  696  684
  682  684  682  673  658  642  636  658  700  715  687  646  617  596  580  569
  546  491  421  360  322  306  307  311  311  310  315  336  383  438  472  473
  453  420  376  326  275  232  200  172  144
     5.0-180.0 180.0   5.0 450.0                            LAT/LON1/LON2/DLON/H
  151  126  110   97   84   70   60   55   54   57   65   79  101  133  169  201
  228  253  282  314  348  386  429  479  538  604  669  715  726  708  686  669
  659  654  652  655  661  664  667  683  705  706  682  654  633  614  603  603
  589  542  476  421  388  375  374  373  364  355  362  391  443  498  525  515
  486  449  404  353  300  254  216  183  151
     2.5-180.0 180.0   5.0 450.0                            LAT/LON1/LON2/DLON/H
  160  133  116  103   87   71   59   53   52   55   65   82  108  141  177  208
  234  260  291  327  366  408  455  508  565  622  672  702  707  694  678  664
  654  652  658  673  693  708  715  721  724  712  693  680  669  655  646  651
  645  605  546  497  466  453  449  441  420  403  409  441  494  546  565  544
  508  471  429  379  326  277  234  195  160
