gLAB/files/quiet/15_02_2014/jprg0460.14i
     1.0            IONOSPHERE MAPS     GPS                 IONEX VERSION / TYPE
GIM V3.0            JPL - GNISD         16-feb-2014 06:31   PGM / RUN BY / DATE 
JPL'S GLOBAL IONOSPHERE MAPS YEAR 2014 DAY 046              COMMENT             
Global Ionospheric Maps (GIM) are generated on an hourly    DESCRIPTION         
and daily basis at JPL using data from up to 100 GPS sites  DESCRIPTION         
of the IGS and others institutions.                         DESCRIPTION         
The vertical TEC is modeled in a solar-geomagnetic          DESCRIPTION         
reference frame using bi-cubic splines on a spherical grid. DESCRIPTION         
A Kalman filter is used to solve simultaneously for         DESCRIPTION         
instrumental biases and VTEC on the grid (as stochastic     DESCRIPTION         
parameters).                                                DESCRIPTION         
Contact Address:  gpsiono@cobra.jpl.nasa.gov .              DESCRIPTION         
  2014     2    15     0     0     0                        EPOCH OF FIRST MAP  
  2014     2    16     0     0     0                        EPOCH OF LAST MAP   
  7200                                                      INTERVAL            
    13                                                      # OF MAPS IN FILE   
  NONE                                                      MAPPING FUNCTION    
    10.0                                                    ELEVATION CUTOFF    
One-way carrier phase leveled to code                       OBSERVABLES USED    
   170                                                      # OF STATIONS       
    31                                                      # OF SATELLITES     
  6371.0                                                    BASE RADIUS         
     2                                                      MAP DIMENSION       
   450.0 450.0   0.0                                        HGT1 / HGT2 / DHGT  
    87.5 -87.5  -2.5                                        LAT1 / LAT2 / DLAT  
  -180.0 180.0   5.0                                        LON1 / LON2 / DLON  
    -1                                                      EXPONENT            
TEC/RMS values in 0.1 TECU; 9999, if no value available     COMMENT             
                                                            END OF HEADER       
[from data line 4719]
    12                                                      START OF TEC MAP    
  2014     2    15    22     0     0                        EPOCH OF CURRENT MAP
    87.5-180.0 180.0   5.0 450.0                            LAT/LON1/LON2/DLON/H
  174  174  174  175  175  175  175  175  175  175  174  174  173  173  172  171
  170  169  168  167  165  164  163  161  159  158  156  155  153  152  150  149
  148  147  146  145  144  144  144  143  143  144  144  144  145  146  147  147
  148  150  151  152  153  155  156  157  159  160  161  163  164  165  166  167
  168  169  170  171  172  172  173  173  174
    85.0-180.0 180.0   5.0 450.0                            LAT/LON1/LON2/DLON/H
  184  184  185  185  186  187  187  188  189  189  190  190  190  190  190  189
  188  186  184  182  180  177  174  170  167  164  160  157  154  151  148  145
  142  140  138  137  136  135  134  134  135  135  136  137  139  140  142  143
  145  147  149  151  153  156  158  160  163  165  167  170  172  174  175  177
  178  180  181  181  182  183  183  184  184
    82.5-180.0 180.0   5.0 450.0                            LAT/LON1/LON2/DLON/H
  186  187  188  189  191  193  196  199  201  204  206  208  209  210  210  210
  209  207  205  202  199  195  190  186  181  176  171  165  160  155  150  146
  142  138  135  133  131  130  130  131  132  133  135  136  138  140  143  145
  147  149  151  153  156  158  161  164  166  169  172  174  177  179  181  183
  184  185  186  186  186  186  186  186  186
    80.0-180.0 180.0   5.0 450.0                            LAT/LON1/LON2/DLON/H
  182  183  186  189  194  199  205  211  217  222  227  231  234  235  236  235
  234  232  229  225  221  216  211  205  199  192  185  178  171  164  157  150
  144  139  135  131  130  129  129  130  132  134  136  139  141  144  146  148
  150  152  154  155  157  158  160  162  165  167  170  173  175  178  180  182
  183  183  183  183  182  181  181  181  182
    77.5-180.0 180.0   5.0 450.0                            LAT/LON1/LON2/DLON/H
  175  178  184  191  199  208  218  228  237  246  253  259  263  265  265  264
  262  259  255  250  245  240  234  227  220  212  204  195  185  176  167  158
  149  142  136  132  129  128  129  130  132  135  138  141  144  146  148  150
  151  151  152  152  152  152  152  153  154  155  157  160  162  164  167  169
  171  171  172  171  171  171  171  172  175
    75.0-180.0 180.0   5.0 450.0                            LAT/LON1/LON2/DLON/H
  170  177  187  198  210  224  237  251  263  275  284  291  296  298  297  295
  291  286  281  275  270  264  258  250  242  233  223  212  201  189  178  167
  156  147  140  134  130  128  128  129  131  134  137  140  142  144  145  145
  144  143  142  141  139  137  136  135  134  134  135  137  139  141  144  146
  149  151  152  154  155  157  160  164  170
    72.5-180.0 180.0   5.0 450.0                            LAT/LON1/LON2/DLON/H
  172  184  198  213  229  245  262  279  294  309  320  329  333  334  331  326
  319  313  306  301  295  288  281  272  263  252  240  227  214  200  187  174
  162  152  143  136  130  127  126  126  128  130  131  133  134  134  133  132
  131  129  127  124  121  118  115  113  111  109  109  109  111  113  116  120
  123  127  130  135  140  145  152  161  172
    70.0-180.0 180.0   5.0 450.0                            LAT/LON1/LON2/DLON/H
  183  200  218  236  254  273  291  310  329  345  358  368  372  371  365  357
  348  339  332  326  319  311  302  291  279  266  252  237  222  206  191  177
  164  153  144  136  129  125  122  121  120  120  120  120  120  118  117  115
  113  111  108  106  103   99   95   92   88   86   84   84   85   87   90   95
  100  105  112  120  129  139  152  166  183
    67.5-180.0 180.0   5.0 450.0                            LAT/LON1/LON2/DLON/H
  202  224  246  266  285  304  323  343  362  380  395  405  408  405  397  387
  376  366  358  350  341  330  318  305  290  273  256  239  221  205  189  175
  162  151  141  133  126  120  115  112  110  108  106  105  103  101   99   97
   95   93   91   89   86   83   79   76   72   69   67   66   67   69   72   77
   83   91  101  112  126  141  159  180  202
    65.0-180.0 180.0   5.0 450.0                            LAT/LON1/LON2/DLON/H
  227  253  278  299  317  335  353  372  391  409  424  434  437  433  424  413
  402  392  383  372  360  346  329  312  293  273  253  233  215  198  182  168
  156  146  136  127  120  113  107  102   98   95   92   90   88   86   84   83
   82   80   78   77   75   73   71   69   66   63   61   60   60   62   66   72
   79   89  101  115  132  152  175  200  227
    62.5-180.0 180.0   5.0 450.0                            LAT/LON1/LON2/DLON/H
  255  284  310  331  348  363  378  394  410  427  442  452  456  453  445  435
  425  415  404  391  375  357  336  314  291  268  245  224  205  188  174  161
  149  139  129  120  112  104   97   91   87   83   80   78   76   76   76   76
   75   74   73   71   71   70   70   69   67   65   64   63   64   66   70   77
   86   98  112  128  147  170  196  225  255
    60.0-180.0 180.0   5.0 450.0                            LAT/LON1/LON2/DLON/H
  282  313  340  360  375  387  398  409  421  434  447  457  463  463  458  450
  442  432  420  405  386  363  339  314  288  262  237  216  197  180  167  155
  144  133  123  114  105   96   89   84   79   76   74   72   72   73   75   77
   77   76   74   72   72   73   74   75   75   74   72   72   73   76   81   89
  100  114  130  149  169  193  220  250  282
    57.5-180.0 180.0   5.0 450.0                            LAT/LON1/LON2/DLON/H
  307  339  365  385  398  406  412  417  424  433  443  453  460  462  461  458
  452  443  430  413  392  367  340  313  286  259  234  212  193  178  165  153
  141  130  119  109  100   91   85   80   77   75   74   74   75   78   81   84
   84   83   81   79   78   79   82   84   85   85   84   84   85   88   94  104
  117  134  152  172  193  217  244  274  307
    55.0-180.0 180.0   5.0 450.0                            LAT/LON1/LON2/DLON/H
  329  360  386  405  416  421  422  423  424  429  436  445  452  457  459  459
  455  447  433  415  393  367  340  314  288  263  238  216  197  182  168  155
  142  130  118  107   98   91   85   82   80   79   79   80   83   86   91   94
   96   95   92   89   88   89   92   95   97   97   95   95   95   99  106  118
  134  153  174  195  217  240  266  296  329
    52.5-180.0 180.0   5.0 450.0                            LAT/LON1/LON2/DLON/H
  347  377  403  420  429  432  431  428  426  426  430  437  444  450  454  456
  453  445  431  413  390  366  341  318  295  272  249  226  206  189  174  159
  145  131  120  110  101   95   91   89   88   88   89   91   93   98  103  107
  109  108  106  103  101  102  104  107  108  107  105  103  104  107  115  128
  147  169  192  215  237  260  286  315  347
    50.0-180.0 180.0   5.0 450.0                            LAT/LON1/LON2/DLON/H
  362  390  414  429  437  440  438  434  430  428  430  434  439  444  449  451
  450  441  427  409  387  365  343  323  304  284  261  238  217  197  180  163
  147  134  124  115  109  103  100   98   98   99  100  102  105  110  115  119
  122  122  120  117  115  115  117  118  119  117  114  111  110  113  121  136
  157  181  206  230  253  277  303  331  362
    47.5-180.0 180.0   5.0 450.0                            LAT/LON1/LON2/DLON/H
  373  398  418  432  439  442  442  440  437  435  436  438  440  443  446  448
  446  438  424  406  386  365  346  330  315  296  273  248  224  203  183  163
  147  135  128  123  118  113  110  108  108  109  111  114  117  121  126  130
  133  134  133  131  129  128  128  129  128  125  120  116  114  117  126  142
  165  191  218  243  267  291  317  345  373
    45.0-180.0 180.0   5.0 450.0                            LAT/LON1/LON2/DLON/H
  381  401  416  426  433  438  442  445  445  445  445  446  446  446  446  447
  445  437  424  407  387  368  351  338  324  305  279  251  225  202  181  161
  145  136  132  130  127  123  119  117  117  118  120  123  127  131  135  138
  141  143  143  142  140  139  138  136  134  130  126  121  118  120  129  147
  172  200  227  253  277  302  329  356  381
    42.5-180.0 180.0   5.0 450.0                            LAT/LON1/LON2/DLON/H
  385  400  411  416  421  427  438  448  453  455  456  457  455  452  450  449
  447  440  428  413  394  375  359  347  332  310  280  248  221  198  178  159
  145  137  136  137  134  130  126  123  123  124  127  131  136  139  141  144
  146  148  149  148  147  146  144  141  138  134  129  125  121  122  132  153
  180  208  235  260  285  311  338  364  385
    40.0-180.0 180.0   5.0 450.0                            LAT/LON1/LON2/DLON/H
  387  399  405  407  409  416  432  449  459  462  464  467  466  462  457  454
  452  446  436  422  404  385  369  355  339  312  277  242  215  194  176  160
  148  142  142  142  139  134  130  127  127  128  132  137  142  144  145  146
  147  148  148  148  149  150  148  144  139  135  132  128  123  124  135  158
  187  216  242  266  292  318  345  369  387
    37.5-180.0 180.0   5.0 450.0                            LAT/LON1/LON2/DLON/H
  389  400  404  404  403  411  431  452  465  469  471  475  478  474  467  462
  458  453  445  432  415  396  379  364  344  314  275  238  212  194  181  169
  158  152  150  148  143  137  132  130  130  132  137  142  145  146  145  144
  145  145  144  145  148  151  150  145  139  135  132  129  125  125  138  163
  194  223  248  272  297  324  350  372  389
    35.0-180.0 180.0   5.0 450.0                            LAT/LON1/LON2/DLON/H
  395  408  415  413  411  418  439  463  476  478  478  485  491  489  479  470
  465  459  452  442  425  406  388  371  350  317  277  240  216  203  195  187
  178  170  163  157  149  142  136  134  134  136  141  145  147  145  143  141
  141  140  139  141  146  151  151  145  138  134  132  129  125  126  140  168
  201  230  255  279  304  331  356  378  395
    32.5-180.0 180.0   5.0 450.0                            LAT/LON1/LON2/DLON/H
  409  427  438  440  437  443  462  485  497  496  493  499  507  505  493  480
  471  464  457  447  432  414  395  377  354  322  284  251  231  223  220  216
  207  194  181  170  159  150  144  141  140  142  146  149  148  144  140  139
  138  137  135  136  143  150  151  145  137  132  130  127  124  126  141  171
  205  236  262  288  315  342  367  390  409
    30.0-180.0 180.0   5.0 450.0                            LAT/LON1/LON2/DLON/H
  438  460  476  482  481  486  501  520  531  527  518  519  524  521  506  489
  476  466  459  450  436  419  401  382  360  331  299  273  258  254  254  252
  241  223  204  188  175  165  156  152  150  150  152  153  150  144  140  138
  138  136  134  135  142  149  151  146  137  130  126  124  121  125  142  172
  208  242  271  300  331  361  388  414  438
    27.5-180.0 180.0   5.0 450.0                            LAT/LON1/LON2/DLON/H
  485  509  527  536  538  542  553  570  581  577  558  545  541  535  518  497
  479  467  459  450  438  422  406  389  370  347  324  307  298  296  297  294
  280  257  232  213  198  185  174  166  163  162  162  160  154  147  142  142
  142  140  136  136  141  148  150  145  136  127  122  119  118  123  141  173
  211  248  283  318  354  390  424  456  485
    25.0-180.0 180.0   5.0 450.0                            LAT/LON1/LON2/DLON/H
  552  574  589  599  605  608  616  630  644  640  610  577  558  545  526  502
  481  467  458  449  439  426  412  399  385  372  362  355  351  349  347  340
  321  291  262  240  225  209  194  184  179  177  174  169  160  152  148  148
  149  145  139  137  141  146  148  144  134  124  116  113  113  121  140  173
  213  254  295  338  382  426  473  517  552
    22.5-180.0 180.0   5.0 450.0                            LAT/LON1/LON2/DLON/H
  629  647  656  667  676  681  685  698  714  710  668  614  576  554  531  505
  483  467  457  449  439  430  421  415  410  410  415  420  419  413  403  387
  360  324  290  267  249  232  214  202  197  195  191  180  169  160  155  155
  155  150  142  138  139  143  144  140  131  119  110  106  107  118  139  173
  216  261  309  359  411  467  528  587  629
    20.0-180.0 180.0   5.0 450.0                            LAT/LON1/LON2/DLON/H
  702  715  718  731  746  755  759  768  784  779  729  656  600  568  540  511
  486  470  459  451  442  437  435  438  446  461  480  495  494  479  458  430
  394  351  313  287  269  249  231  219  217  217  209  194  178  167  161  160
  158  152  143  137  136  137  137  134  125  113  103   98  101  114  139  175
  220  270  322  378  438  504  580  654  702
    17.5-180.0 180.0   5.0 450.0                            LAT/LON1/LON2/DLON/H
  756  765  765  781  806  823  830  836  846  840  790  708  638  594  560  526
  499  481  470  460  452  450  456  469  489  517  549  569  563  537  502  463
  417  369  328  299  278  259  243  235  237  239  229  208  187  173  165  161
  157  149  140  133  130  130  130  128  120  109   98   93   96  111  139  178
  226  278  334  394  458  532  619  705  756
    15.0-180.0 180.0   5.0 450.0                            LAT/LON1/LON2/DLON/H
  778  785  786  809  844  872  886  889  892  888  850  775  697  641  597  557
  526  507  493  481  472  473  485  506  536  572  608  626  612  573  527  478
  426  374  331  301  281  264  253  252  257  260  247  221  195  176  164  156
  151  144  136  130  126  125  125  124  117  107   96   90   93  111  141  183
  233  287  344  405  471  546  637  726  778
    12.5-180.0 180.0   5.0 450.0                            LAT/LON1/LON2/DLON/H
  763  769  772  803  850  892  916  919  916  920  906  852  778  711  656  608
  574  552  535  519  508  511  527  551  582  617  647  654  625  574  520  468
  417  369  329  302  284  273  269  272  279  278  261  231  201  178  161  150
  145  140  134  129  126  125  125  124  120  110  100   92   95  113  145  189
  241  296  354  414  479  551  635  717  763
    10.0-180.0 180.0   5.0 450.0                            LAT/LON1/LON2/DLON/H
  724  725  728  761  815  872  908  915  914  930  947  924  862  793  731  679
  643  620  599  578  565  568  582  601  624  645  656  641  594  536  485  441
  400  362  331  311  300  294  294  300  303  295  271  238  207  180  159  147
  142  139  137  135  133  132  132  133  130  122  111  101  102  119  152  197
  250  306  364  423  484  550  622  689  724
     7.5-180.0 180.0   5.0 450.0                            LAT/LON1/LON2/DLON/H
  678  673  671  697  749  810  857  873  879  915  964  975  931  866  804  753
  720  700  677  652  637  639  648  655  659  656  640  598  534  476  437  409
  385  364  348  339  336  336  338  338  330  309  278  244  213  185  162  149
  146  147  149  150  148  146  147  149  147  139  127  116  114  129  161  205
  259  316  374  433  491  549  606  656  678
     5.0-180.0 180.0   5.0 450.0                            LAT/LON1/LON2/DLON/H
  641  630  621  634  674  729  777  799  815  867  943  984  964  913  859  814
  790  775  754  727  712  713  715  706  687  657  611  543  466  413  392  387
  385  385  389  396  400  399  393  381  357  323  284  250  222  195  172  161
  160  165  169  171  169  166  166  168  167  159  146  133  129  142  171  214
  268  326  385  444  502  554  598  631  641
     2.5-180.0 180.0   5.0 450.0                            LAT/LON1/LON2/DLON/H
  631  617  598  594  614  654  695  717  739  797  882  941  945  915  877  847
  835  831  814  790  776  777  772  747  706  651  579  491  409  367  369  390
  411  433  456  475  480  471  450  420  380  333  290  258  234  209  189  180
  181  187  192  193  190  185  185  187  185  177  163  149  143  154  181  223
  275  333  394  455  514  564  601  626  631
