gLAB/files/quiet/15_02_2014/whrg0460.14i
     1.0            IONOSPHERE MAPS     GPS                 IONEX VERSION / TYPE
GIM_GPS V1.0        GRC,WHU             03-Nov-17 23:57     PGM / RUN BY / DATE 
WHU'S GLOBAL IONOSPHERE MAPS FOR DAY 046,2014               COMMENT
zhangqiang@whu.edu.cn                                       COMMENT
  2014     2    15     0     0    0.0000                    EPOCH OF FIRST MAP
  2014     2    16     0     0    0.0000                    EPOCH OF LAST MAP 
  7200                                                      INTERVAL
    13                                                      # OF MAPS IN FILE
  NONE                                                      MAPPING FUNCTION
    10.0                                                    ELEVATION CUTOFF
One-way carrier phase leveled to code                       OBSERVABLES USED    
   305                                                      # OF STATIONS
    31                                                      # OF SATELLITES
  6371.0                                                    BASE RADIUS
     2                                                      MAP DIMENSION       
   450.0 450.0   0.0                                        HGT1 / HGT2 / DHGT
    87.5 -87.5  -2.5                                        LAT1 / LAT2 / DLAT
  -180.0 180.0   5.0                                        LON1 / LON2 / DLON
    -1                                                      EXPONENT
TEC/RMS values in 0.1 TECU; 0, if negative value apear      COMMENT
                           9999, if no value available      COMMENT
Peak TEC values for the included maps:                      COMMENT
1055  996 1027  963  949 1128 1015  868  890  827  846 1038 COMMENT
1191                                                        COMMENT
List of stations:                                           COMMENT
bisk amu2 algo ganp casc bor1 conz auck dgar cro1 brux bndy COMMENT
chpi abmf faiv dubo boav ccj2 badg cusv braz bshm alic dgav COMMENT
glps cord chti bjco dund abpo flin ankr bogo cedu brft bake COMMENT
daej coyq cags dhlg chur alme glsv areq ebre bjfs flrs adis COMMENT
bogt darw cefe cpxf brmu bako faa1 gmsd dour frdn call alrt COMMENT
cnmr arev bjnm ajac crar bomj cggn dav1 brst drao barh func COMMENT
artu coco gode bluf cas1 fair albh amc2 godz gras haas hlfx COMMENT
holb impz isba joze khar kokb laut lpal mag0 mas1 mbar mets COMMENT
gol2 lpgs graz harb hnis karr hnpt ispa holm ineg kir0 lck2 COMMENT
kokv mat1 maju gold m0se mgue mal2 mcil guam helg hob2 guat COMMENT
joen hrao kat1 lcki kiri invk mate kouc kiru mac1 gope mizu COMMENT
mcm4 hers mana ieng hofn guug jog2 kely maui lhaz kour iqal COMMENT
kit3 goug madr mkea mdvj mar6 hert iisc lmmf kerg mobk joz2 COMMENT
nano maw1 nklg nrc1 lama nya1 irkj mobj pado penc medi pimo COMMENT
pots mobs qaq1 recf riop nlib naur scor nril shao spt0 str2 COMMENT
ohi2 park pert pngm monp pove quin not1 roth pets scrz reso COMMENT
nrmd sjdv ssia pbr2 nico ohi3 suth morp pohn rabt pol2 prds COMMENT
pfa2 novm salu ntus reun smst sctb nist sutm mqzg pbri sthl COMMENT
onsa pie1 polv ramo soda ptag nply savo nurk reyk nium sutv COMMENT
stjo sey1 pdel syog opmt ters rcmn tidb tow2 sch2 sofi ptbb COMMENT
rio2 sydn sfer tuva unb3 stk2 usn3 vald twtf tabl thti whit COMMENT
wtzr tixg yakt yell trng zeck unbj vil0 usno tah1 uclu thu2 COMMENT
wtzs usud tixi yar2 will tro1 yibl zim2 ykro unsa vill tash COMMENT
ufpr wtzz yar3 thu3 vaas wind wsrt urum zimj tlse tsea yssk COMMENT
wab2 tela ulab wuhn wtza tid1 yarr vaco urus zimm tong zamb COMMENT
tskb wgtn xmis ycba zwe2                                    COMMENT
                                                            END OF HEADER
[from data line 429]
     2                                                      START OF TEC MAP  
  2014     2    15     2     0  0.00                        EPOCH OF CURRENT MAP
    87.5-180.0 180.0   5.0 450.0                            LAT/LON1/LON2/DLON/H
  161  162  162  162  162  162  162  162  162  162  162  162  162  162  161  161
  161  161  161  160  160  159  159  158  158  157  156  155  154  153  152  151
  150  149  148  147  146  145  144  144  143  142  142  141  141  140  140  140
  140  141  141  142  142  143  144  145  146  148  149  150  151  153  154  155
  156  157  158  159  159  160  161  161  161
    85.0-180.0 180.0   5.0 450.0                            LAT/LON1/LON2/DLON/H
  166  165  164  163  163  162  161  160  160  159  159  159  159  159  159  159
  159  160  159  159  159  158  157  156  155  154  152  150  148  146  144  142
  140  138  136  134  132  130  128  127  125  123  122  120  119  118  118  117
  117  118  119  120  122  124  127  130  133  136  140  143  147  150  154  157
  159  162  163  165  166  166  166  166  166
    82.5-180.0 180.0   5.0 450.0                            LAT/LON1/LON2/DLON/H
  172  170  167  164  161  158  156  154  153  151  151  150  150  151  151  152
  152  153  153  153  153  152  151  150  148  146  143  140  137  134  131  128
  125  122  119  117  115  112  110  108  105  103  101   98   96   94   92   91
   90   90   91   93   96  100  105  111  117  124  131  138  145  152  158  164
  169  172  175  177  178  177  176  175  172
    80.0-180.0 180.0   5.0 450.0                            LAT/LON1/LON2/DLON/H
  185  179  173  168  162  157  153  149  146  144  142  141  140  140  140  140
  140  141  142  142  142  142  141  140  138  135  131  127  123  119  115  111
  107  104  101   98   96   94   92   90   88   85   82   78   75   71   67   65
   63   62   63   66   70   76   84   93  103  114  126  137  148  159  168  177
  184  190  194  196  197  196  193  189  185
    77.5-180.0 180.0   5.0 450.0                            LAT/LON1/LON2/DLON/H
  203  195  187  178  170  162  156  150  145  141  137  134  131  129  127  126
  125  125  126  127  128  129  129  128  126  123  119  115  109  104   99   93
   89   86   83   81   80   79   78   77   75   72   68   64   58   53   48   43
   40   38   39   42   48   57   68   81   95  110  125  141  156  170  183  194
  204  211  217  220  221  219  216  210  203
    75.0-180.0 180.0   5.0 450.0                            LAT/LON1/LON2/DLON/H
  227  217  206  196  186  176  168  161  154  148  142  135  128  122  116  112
  109  107  108  109  111  114  115  116  116  114  110  105   99   93   86   80
   75   71   69   67   67   67   67   67   66   64   60   55   48   41   34   28
   23   21   23   27   35   46   60   77   94  113  131  150  167  183  198  211
  222  232  239  244  245  245  241  235  227
    72.5-180.0 180.0   5.0 450.0                            LAT/LON1/LON2/DLON/H
  251  241  230  218  207  198  189  181  173  165  155  144  132  120  109   99
   92   89   88   91   95   99  104  107  108  108  105  101   95   88   80   73
   67   62   59   58   58   59   60   61   61   60   56   50   43   35   27   20
   15   13   16   22   33   47   64   83  103  124  144  162  180  196  211  224
  236  246  255  261  265  267  264  259  251
    70.0-180.0 180.0   5.0 450.0                            LAT/LON1/LON2/DLON/H
  272  263  252  241  231  221  214  206  199  189  177  161  143  123  105   89
   78   72   72   75   82   89   96  101  104  105  104  100   94   87   80   72
   65   59   55   52   52   53   55   56   57   56   53   48   41   33   25   19
   14   14   18   27   41   58   78   99  120  141  160  178  193  207  220  231
  242  252  262  270  277  280  281  278  272
    67.5-180.0 180.0   5.0 450.0                            LAT/LON1/LON2/DLON/H
  285  278  269  259  249  242  236  231  224  215  200  181  156  130  105   84
   70   62   62   67   75   84   92   99  103  104  103  100   95   89   82   74
   66   59   53   49   48   48   49   51   52   52   50   46   40   33   27   22
   20   21   28   40   56   76   97  120  141  161  178  193  205  216  225  234
  242  251  260  269  278  285  289  289  285
    65.0-180.0 180.0   5.0 450.0                            LAT/LON1/LON2/DLON/H
  290  285  278  268  260  253  250  247  243  235  221  199  170  139  109   85
   69   62   63   69   78   87   94   99  101  101  100   98   94   89   83   75
   67   59   52   47   44   43   44   45   46   46   45   43   39   34   30   28
   28   32   41   55   74   95  118  141  162  180  195  207  217  224  230  236
  241  247  254  263  272  280  287  291  290
    62.5-180.0 180.0   5.0 450.0                            LAT/LON1/LON2/DLON/H
  288  286  279  270  261  255  253  252  251  245  232  210  181  148  116   92
   76   71   74   82   90   96  100  100   99   96   93   91   88   85   80   74
   67   59   52   46   41   39   38   39   40   41   41   40   38   36   35   35
   37   44   54   70   90  112  135  157  177  194  208  219  228  234  239  242
  244  247  250  255  263  271  280  286  288
    60.0-180.0 180.0   5.0 450.0                            LAT/LON1/LON2/DLON/H
  284  284  278  269  258  250  246  246  246  243  233  213  186  154  125  103
   91   90   95  102  108  110  107  101   94   88   83   81   79   77   75   71
   65   58   51   45   39   36   35   35   36   37   38   39   39   40   41   43
   46   54   65   80  100  122  145  167  186  203  218  230  240  248  254  256
  256  254  253  253  256  263  271  279  284
    57.5-180.0 180.0   5.0 450.0                            LAT/LON1/LON2/DLON/H
  283  285  280  270  257  245  237  234  233  231  223  207  184  158  133  117
  110  112  119  125  127  122  113  101   89   79   73   70   69   69   68   66
   62   57   52   46   41   37   36   36   37   38   40   42   44   46   48   51
   54   61   71   86  105  127  149  170  190  208  224  240  254  267  275  279
  277  272  265  259  256  259  266  275  283
    55.0-180.0 180.0   5.0 450.0                            LAT/LON1/LON2/DLON/H
  287  293  291  281  265  247  232  223  218  215  208  196  178  157  140  129
  127  132  139  143  141  131  116   99   84   74   67   65   64   64   64   63
   61   59   54   50   46   43   42   43   44   46   47   49   52   54   57   59
   61   66   75   88  106  127  150  171  191  211  231  250  270  287  300  306
  304  295  283  271  262  261  267  277  287
    52.5-180.0 180.0   5.0 450.0                            LAT/LON1/LON2/DLON/H
  298  310  313  304  286  263  240  221  209  201  193  182  169  154  143  137
  139  145  151  152  145  132  114   97   84   75   71   69   67   66   66   65
   64   63   61   58   55   54   54   55   57   59   60   62   64   66   67   68
   68   71   78   90  108  129  152  174  195  216  238  262  285  306  322  330
  329  318  302  285  272  267  271  283  298
    50.0-180.0 180.0   5.0 450.0                            LAT/LON1/LON2/DLON/H
  312  331  341  337  320  293  262  234  212  196  184  172  161  150  142  140
  142  147  150  148  140  126  111   98   90   86   84   83   81   77   73   71
   71   71   70   69   68   67   68   71   74   76   77   77   78   78   78   77
   75   76   82   94  113  135  159  182  204  226  249  274  298  320  337  345
  343  332  315  295  280  273  277  292  312
    47.5-180.0 180.0   5.0 450.0                            LAT/LON1/LON2/DLON/H
  324  350  368  371  359  332  297  261  229  203  184  169  156  146  140  137
  138  140  140  136  128  117  108  103  102  104  106  105  100   93   86   81
   80   81   82   81   81   81   83   87   91   94   94   93   92   91   89   86
   83   83   89  103  124  148  173  197  220  241  263  285  307  326  340  346
  344  334  318  299  284  277  282  299  324
    45.0-180.0 180.0   5.0 450.0                            LAT/LON1/LON2/DLON/H
  329  359  385  397  392  370  335  295  255  221  194  173  157  145  137  133
  130  129  126  122  117  112  110  112  118  125  129  128  121  110   99   91
   89   91   92   93   92   93   96  101  106  109  109  107  104  101   98   94
   91   92  100  116  140  167  194  218  240  259  278  296  311  324  332  336
  334  325  312  297  285  279  285  302  329
    42.5-180.0 180.0   5.0 450.0                            LAT/LON1/LON2/DLON/H
  326  356  385  405  409  395  366  327  285  245  211  184  163  148  137  130
  124  120  117  115  114  115  119  126  134  142  146  144  135  121  108   99
   96   98  101  102  101  102  105  111  117  120  120  117  113  109  105  101
   98  101  112  132  159  188  216  240  260  278  292  304  313  318  321  322
  320  316  308  298  289  285  288  302  326
    40.0-180.0 180.0   5.0 450.0                            LAT/LON1/LON2/DLON/H
  319  342  369  392  404  400  381  349  310  269  230  197  172  154  141  131
  124  120  120  121  125  130  135  140  145  148  150  147  138  124  111  102
  100  103  107  108  106  106  110  116  123  126  126  123  119  114  110  106
  105  110  125  148  177  208  235  258  277  293  305  312  316  317  316  317
  318  318  317  313  307  302  300  305  319
    37.5-180.0 180.0   5.0 450.0                            LAT/LON1/LON2/DLON/H
  319  327  343  363  378  383  375  354  323  285  246  211  183  163  148  139
  133  132  136  142  149  154  155  152  146  141  138  135  130  120  109  103
  103  107  111  111  109  109  112  118  125  128  128  125  121  117  113  110
  110  118  135  161  191  222  249  271  288  303  315  322  325  327  329  334
  341  348  352  353  348  340  329  321  319
    35.0-180.0 180.0   5.0 450.0                            LAT/LON1/LON2/DLON/H
  336  323  323  332  344  352  352  343  322  292  256  221  193  172  159  151
  149  152  161  172  180  181  173  156  137  122  115  116  117  114  109  106
  107  112  116  116  112  110  113  119  125  128  128  125  122  119  115  112
  113  123  142  169  200  230  256  276  294  310  324  336  346  355  366  381
  397  412  421  424  420  406  384  358  336
    32.5-180.0 180.0   5.0 450.0                            LAT/LON1/LON2/DLON/H
  381  345  324  317  317  321  324  322  312  291  261  229  201  181  169  163
  165  173  186  199  205  200  181  151  120   98   91   98  109  116  117  117
  119  123  125  122  116  112  114  119  124  127  126  125  122  120  116  113
  115  125  145  174  205  234  258  279  297  317  337  358  379  403  430  459
  487  509  522  526  520  501  468  425  381
    30.0-180.0 180.0   5.0 450.0                            LAT/LON1/LON2/DLON/H
  457  403  362  335  317  308  305  304  301  287  263  235  209  189  177  172
  175  185  200  212  215  204  177  139  102   80   80   97  120  135  140  141
  141  142  139  132  122  116  117  120  124  125  124  123  122  120  116  112
  114  125  147  176  208  237  261  283  304  329  357  389  425  466  512  557
  597  625  641  645  637  615  574  518  457
    27.5-180.0 180.0   5.0 450.0                            LAT/LON1/LON2/DLON/H
  561  495  441  397  359  329  310  302  298  289  270  245  219  197  181  173
  173  181  193  202  202  188  160  126   95   82   93  123  155  175  181  178
  173  168  159  145  131  122  120  122  123  122  120  120  120  119  114  110
  112  124  147  179  212  243  270  294  320  349  385  428  479  537  599  659
  707  740  757  761  754  733  691  630  561
    25.0-180.0 180.0   5.0 450.0                            LAT/LON1/LON2/DLON/H
  677  613  556  502  445  391  349  325  315  305  288  263  235  208  184  167
  159  160  167  171  168  157  140  121  108  113  139  179  215  234  234  224
  211  198  181  159  139  127  123  123  121  118  115  115  116  115  110  105
  108  122  149  184  220  255  286  315  346  380  422  473  534  603  676  743
  795  828  845  851  849  834  798  743  677
    22.5-180.0 180.0   5.0 450.0                            LAT/LON1/LON2/DLON/H
  785  736  689  636  567  490  422  377  353  338  319  293  260  225  189  158
  138  130  129  129  127  126  128  134  149  176  216  261  293  303  291  269
  248  226  201  172  147  132  126  123  118  112  107  107  109  108  103   99
  103  121  152  191  233  272  309  344  380  419  464  518  582  654  727  791
  840  870  887  897  904  900  878  836  785
    20.0-180.0 180.0   5.0 450.0                            LAT/LON1/LON2/DLON/H
  864  840  817  776  704  610  518  451  412  389  367  336  297  251  201  155
  123  105   98   96   99  112  138  174  218  265  314  354  373  365  337  304
  274  247  215  181  152  135  128  123  114  104   98   97   99   98   93   90
   98  120  156  201  247  293  336  378  418  460  505  557  617  681  743  796
  834  858  873  890  908  919  914  892  864
    17.5-180.0 180.0   5.0 450.0                            LAT/LON1/LON2/DLON/H
  899  906  914  895  831  729  621  536  484  453  426  391  346  289  226  168
  125  102   93   93  104  132  180  243  308  367  413  439  436  406  361  318
  284  254  221  185  155  138  130  123  111   96   87   86   87   86   82   81
   92  119  161  210  261  312  360  408  452  495  539  585  634  682  726  759
  782  797  812  835  864  890  902  901  899
    15.0-180.0 180.0   5.0 450.0                            LAT/LON1/LON2/DLON/H
  886  923  963  972  925  826  712  618  558  522  491  452  402  338  267  202
  156  135  132  138  157  196  259  335  408  463  494  496  468  416  357  308
  275  249  219  185  158  142  134  125  109   91   79   76   76   75   72   73
   87  119  165  218  272  324  377  428  476  519  559  598  633  663  683  695
  700  707  722  751  789  826  850  865  886
    12.5-180.0 180.0   5.0 450.0                            LAT/LON1/LON2/DLON/H
  834  893  960  996  970  884  775  682  622  585  553  513  460  395  322  259
  220  209  218  235  260  303  365  437  498  533  539  513  461  392  326  278
  252  234  211  184  161  149  142  130  110   89   74   69   68   67   64   67
   84  119  167  221  275  328  381  434  484  528  565  597  620  632  631  623
  614  615  630  662  705  746  775  799  834
    10.0-180.0 180.0   5.0 450.0                            LAT/LON1/LON2/DLON/H
  763  832  914  970  964  898  804  723  670  637  606  566  515  453  388  334
  309  316  341  370  398  434  481  529  560  564  539  488  419  343  278  239
  223  215  202  184  168  160  153  139  116   91   75   69   66   63   60   65
   83  119  167  220  272  323  375  427  477  521  558  585  601  601  586  565
  549  548  564  597  637  674  700  723  763
     7.5-180.0 180.0   5.0 450.0                            LAT/LON1/LON2/DLON/H
  697  763  847  911  920  874  802  740  701  674  645  607  560  507  454  416
  409  435  477  516  543  563  581  591  582  549  496  430  356  285  231  204
  199  202  198  188  179  174  167  150  124   99   82   74   70   65   62   66
   85  119  166  215  264  311  360  410  459  503  540  568  581  578  559  536
  522  524  542  571  604  631  648  663  697
     5.0-180.0 180.0   5.0 450.0                            LAT/LON1/LON2/DLON/H
  661  712  784  843  859  830  781  741  716  697  670  634  593  550  512  491
  500  541  595  638  659  658  641  608  558  494  425  357  292  237  199  185
  190  199  201  196  192  189  180  161  134  109   93   85   79   73   68   71
   88  120  163  209  253  297  342  389  437  481  519  549  567  568  556  542
  538  549  569  593  613  628  633  639  661
     2.5-180.0 180.0   5.0 450.0                            LAT/LON1/LON2/DLON/H
  667  699  748  790  803  785  756  735  725  710  684  648  612  580  556  546
  563  608  663  704  714  692  644  576  496  415  345  291  248  216  195  191
  199  208  211  208  205  201  190  168  142  120  107   99   92   83   77   79
   93  121  159  202  243  284  326  371  416  459  499  533  559  572  575  579
  592  614  636  652  661  663  660  657  667
