gLAB/files/quiet/15_02_2014/whrg0460.14i
     1.0            IONOSPHERE MAPS     GPS                 IONEX VERSION / TYPE
GIM_GPS V1.0        GRC,WHU             03-Nov-17 23:57     PGM / RUN BY / DATE 
WHU'S GLOBAL IONOSPHERE MAPS FOR DAY 046,2014               COMMENT
zhangqiang@whu.edu.cn                                       COMMENT
  2014     2    15     0     0    0.0000                    EPOCH OF FIRST MAP
  2014     2    16     0     0    0.0000                    EPOCH OF LAST MAP 
  7200                                                      INTERVAL
    13                                                      # OF MAPS IN FILE
  NONE                                                      MAPPING FUNCTION
    10.0                                                    ELEVATION CUTOFF
One-way carrier phase leveled to code                       OBSERVABLES USED    
   305                                                      # OF STATIONS
    31                                                      # OF SATELLITES
  6371.0                                                    BASE RADIUS
     2                                                      MAP DIMENSION       
   450.0 450.0   0.0                                        HGT1 / HGT2 / DHGT
    87.5 -87.5  -2.5                                        LAT1 / LAT2 / DLAT
  -180.0 180.0   5.0                                        LON1 / LON2 / DLON
    -1                                                      EXPONENT
TEC/RMS values in 0.1 TECU; 0, if negative value apear      COMMENT
                           9999, if no value available      COMMENT
Peak TEC values for the included maps:                      COMMENT
1055  996 1027  963  949 1128 1015  868  890  827  846 1038 COMMENT
1191                                                        COMMENT
List of stations:                                           COMMENT
bisk amu2 algo ganp casc bor1 conz auck dgar cro1 brux bndy COMMENT
chpi abmf faiv dubo boav ccj2 badg cusv braz bshm alic dgav COMMENT
glps cord chti bjco dund abpo flin ankr bogo cedu brft bake COMMENT
daej coyq cags dhlg chur alme glsv areq ebre bjfs flrs adis COMMENT
bogt darw cefe cpxf brmu bako faa1 gmsd dour frdn call alrt COMMENT
cnmr arev bjnm ajac crar bomj cggn dav1 brst drao barh func COMMENT
artu coco gode bluf cas1 fair albh amc2 godz gras haas hlfx COMMENT
holb impz isba joze khar kokb laut lpal mag0 mas1 mbar mets COMMENT
gol2 lpgs graz harb hnis karr hnpt ispa holm ineg kir0 lck2 COMMENT
kokv mat1 maju gold m0se mgue mal2 mcil guam helg hob2 guat COMMENT
joen hrao kat1 lcki kiri invk mate kouc kiru mac1 gope mizu COMMENT
mcm4 hers mana ieng hofn guug jog2 kely maui lhaz kour iqal COMMENT
kit3 goug madr mkea mdvj mar6 hert iisc lmmf kerg mobk joz2 COMMENT
nano maw1 nklg nrc1 lama nya1 irkj mobj pado penc medi pimo COMMENT
pots mobs qaq1 recf riop nlib naur scor nril shao spt0 str2 COMMENT
ohi2 park pert pngm monp pove quin not1 roth pets scrz reso COMMENT
nrmd sjdv ssia pbr2 nico ohi3 suth morp pohn rabt pol2 prds COMMENT
pfa2 novm salu ntus reun smst sctb nist sutm mqzg pbri sthl COMMENT
onsa pie1 polv ramo soda ptag nply savo nurk reyk nium sutv COMMENT
stjo sey1 pdel syog opmt ters rcmn tidb tow2 sch2 sofi ptbb COMMENT
rio2 sydn sfer tuva unb3 stk2 usn3 vald twtf tabl thti whit COMMENT
wtzr tixg yakt yell trng zeck unbj vil0 usno tah1 uclu thu2 COMMENT
wtzs usud tixi yar2 will tro1 yibl zim2 ykro unsa vill tash COMMENT
ufpr wtzz yar3 thu3 vaas wind wsrt urum zimj tlse tsea yssk COMMENT
wab2 tela ulab wuhn wtza tid1 yarr vaco urus zimm tong zamb COMMENT
tskb wgtn xmis ycba zwe2                                    COMMENT
                                                            END OF HEADER
[from data line 3432]
     9                                                      START OF TEC MAP  
  2014     2    15    16     0  0.00                        EPOCH OF CURRENT MAP
    87.5-180.0 180.0   5.0 450.0                            LAT/LON1/LON2/DLON/H
  159  158  157  157  156  155  154  154  153  153  152  152  152  152  151  151
  152  152  152  152  153  153  153  154  154  155  155  156  156  156  157  157
  157  158  158  158  158  159  159  159  160  160  161  161  162  162  163  164
  164  165  165  166  166  167  167  168  168  168  168  168  168  167  167  166
  166  165  164  164  163  162  161  160  159
    85.0-180.0 180.0   5.0 450.0                            LAT/LON1/LON2/DLON/H
  147  145  143  142  140  139  138  136  135  134  133  133  132  132  132  132
  133  134  135  136  137  139  140  142  144  145  146  147  148  149  149  149
  149  149  149  148  147  147  147  146  146  147  147  148  149  150  152  153
  155  157  159  161  163  165  166  167  168  169  169  169  168  167  166  165
  163  161  159  157  155  153  151  149  147
    82.5-180.0 180.0   5.0 450.0                            LAT/LON1/LON2/DLON/H
  130  128  125  123  122  120  118  116  115  113  112  111  110  109  109  110
  111  112  115  117  121  124  128  132  136  140  142  145  146  147  147  146
  145  143  140  138  135  132  130  128  127  126  126  127  128  131  133  137
  140  144  148  152  156  159  162  165  166  167  168  167  166  165  162  159
  156  153  149  146  142  139  136  133  130
    80.0-180.0 180.0   5.0 450.0                            LAT/LON1/LON2/DLON/H
  113  110  108  106  105  103  101  100   98   96   94   92   90   89   89   89
   91   93   97  103  109  116  124  131  138  145  150  154  156  157  156  153
  150  145  139  133  127  121  116  111  108  105  104  105  106  109  113  118
  123  129  135  142  148  153  158  162  165  166  167  166  165  162  158  154
  149  144  138  133  128  124  119  116  113
    77.5-180.0 180.0   5.0 450.0                            LAT/LON1/LON2/DLON/H
   99   97   95   94   93   92   91   90   88   86   83   81   78   77   76   76
   78   82   89   97  108  119  132  144  155  165  173  178  181  181  178  174
  167  158  148  138  128  118  108  101   94   90   87   87   88   91   95  101
  108  116  124  132  140  147  154  159  163  166  167  166  164  161  156  150
  143  136  129  122  116  111  106  102   99
    75.0-180.0 180.0   5.0 450.0                            LAT/LON1/LON2/DLON/H
   91   89   88   88   88   87   87   86   85   83   81   79   76   74   73   74
   77   83   93  106  121  138  156  173  189  202  212  218  221  219  214  206
  195  183  168  154  139  125  112  101   92   85   80   78   78   80   84   90
   97  105  113  122  131  140  148  155  160  164  166  166  164  160  154  147
  139  131  123  115  108  102   97   93   91
    72.5-180.0 180.0   5.0 450.0                            LAT/LON1/LON2/DLON/H
   87   86   86   86   86   86   86   87   87   86   86   84   82   81   81   82
   88   97  110  128  149  172  196  218  237  253  264  269  270  266  258  247
  232  215  197  178  160  142  126  112  100   91   84   79   77   77   80   83
   89   95  103  112  120  129  138  146  152  157  160  161  160  156  151  143
  135  126  117  109  102   96   92   89   87
    70.0-180.0 180.0   5.0 450.0                            LAT/LON1/LON2/DLON/H
   85   85   85   85   85   85   85   86   88   90   92   93   94   95   96  100
  108  121  139  162  189  218  246  272  294  310  319  323  321  314  303  288
  270  250  229  207  186  166  148  131  117  106   96   89   84   81   80   80
   83   86   91   98  105  113  122  130  138  144  148  150  150  147  142  136
  128  119  110  103   96   91   87   85   85
    67.5-180.0 180.0   5.0 450.0                            LAT/LON1/LON2/DLON/H
   81   82   82   81   80   79   79   81   85   90   96  102  107  111  117  124
  135  152  174  203  235  268  300  327  349  363  370  370  365  354  340  323
  303  281  258  235  212  191  172  155  140  126  114  104   95   88   83   79
   76   76   77   80   85   92   99  107  115  122  127  130  131  130  126  121
  114  107  100   93   87   83   81   81   81
    65.0-180.0 180.0   5.0 450.0                            LAT/LON1/LON2/DLON/H
   75   76   76   74   71   68   67   69   75   84   95  107  118  128  137  149
  163  184  211  243  279  315  348  374  393  404  406  403  394  381  366  348
  327  304  281  257  235  214  195  178  162  147  133  120  107   96   86   77
   70   65   62   62   63   68   74   81   88   95  101  104  106  106  104  100
   95   90   84   79   74   72   72   73   75
    62.5-180.0 180.0   5.0 450.0                            LAT/LON1/LON2/DLON/H
   66   68   67   63   58   53   50   52   60   74   91  109  126  142  157  172
  190  214  243  278  315  351  382  406  420  426  424  417  406  394  379  361
  342  319  296  272  250  230  213  197  181  166  150  134  119  104   90   77
   66   57   50   46   45   47   51   57   63   69   73   76   78   78   77   76
   73   70   66   63   60   59   60   62   66
    60.0-180.0 180.0   5.0 450.0                            LAT/LON1/LON2/DLON/H
   56   59   58   53   45   38   33   35   45   62   85  109  133  154  174  193
  214  239  269  304  339  373  400  419  428  429  423  415  404  393  381  367
  349  327  304  280  259  240  225  210  196  181  164  147  129  112   96   81
   67   56   46   39   36   35   37   41   45   49   52   53   54   53   53   53
   53   53   51   49   47   47   48   52   56
    57.5-180.0 180.0   5.0 450.0                            LAT/LON1/LON2/DLON/H
   51   53   52   46   37   28   22   24   36   56   82  111  140  167  190  211
  234  259  288  319  351  379  401  414  418  416  409  401  393  386  378  367
  351  331  307  283  262  245  232  220  207  193  176  157  139  121  105   90
   76   64   53   45   39   37   37   39   41   42   42   41   39   38   38   39
   41   43   44   43   42   41   43   46   51
    55.0-180.0 180.0   5.0 450.0                            LAT/LON1/LON2/DLON/H
   53   55   53   46   36   26   21   24   36   58   86  119  151  180  206  229
  251  275  300  326  351  373  388  397  398  394  388  382  379  377  374  366
  352  332  308  284  263  248  236  226  215  202  185  167  150  133  119  105
   93   81   70   61   55   52   50   50   50   49   47   43   39   35   34   37
   41   46   48   49   47   45   46   49   53
    52.5-180.0 180.0   5.0 450.0                            LAT/LON1/LON2/DLON/H
   64   65   62   55   45   36   31   35   48   70   99  133  166  196  223  246
  267  287  307  327  344  359  370  375  376  373  368  366  366  369  370  365
  353  333  308  284  264  250  240  232  222  209  193  176  160  146  134  124
  113  103   93   84   78   74   72   71   70   67   64   58   52   46   44   46
   52   59   64   65   63   60   59   61   64
    50.0-180.0 180.0   5.0 450.0                            LAT/LON1/LON2/DLON/H
   81   81   77   69   60   53   51   56   70   92  120  152  184  215  241  263
  282  298  312  324  335  343  351  356  358  357  355  355  358  362  366  363
  351  331  307  284  265  253  244  236  227  214  199  182  168  156  147  139
  130  121  112  105  100   97   95   93   92   90   86   81   73   67   63   65
   71   79   85   87   85   81   79   80   81
    47.5-180.0 180.0   5.0 450.0                            LAT/LON1/LON2/DLON/H
  102  100   95   87   78   73   74   82   97  117  143  173  204  233  258  279
  294  306  315  321  325  330  337  344  349  351  350  350  351  356  359  356
  346  327  306  285  269  258  249  240  229  215  200  184  171  160  153  146
  138  129  121  115  111  110  109  109  108  108  107  103   97   90   85   85
   91   99  106  108  106  102  100  101  102
    45.0-180.0 180.0   5.0 450.0                            LAT/LON1/LON2/DLON/H
  118  116  110  101   93   91   95  105  121  140  164  192  222  250  274  292
  305  313  317  318  319  322  330  341  350  354  352  347  345  346  347  344
  335  320  303  288  275  264  254  242  228  212  195  179  166  155  148  140
  132  122  114  110  108  109  110  111  113  115  117  117  114  107  102  101
  105  112  118  120  118  116  116  117  118
    42.5-180.0 180.0   5.0 450.0                            LAT/LON1/LON2/DLON/H
  127  125  118  108  101  100  107  120  137  156  179  206  236  263  286  302
  312  317  318  316  315  320  331  346  358  361  355  344  335  332  331  328
  322  312  302  294  285  274  259  241  223  204  186  169  154  142  133  124
  114  104   95   91   92   95   98  100  104  109  115  120  120  115  110  107
  108  112  116  118  117  116  119  123  127
    40.0-180.0 180.0   5.0 450.0                            LAT/LON1/LON2/DLON/H
  124  124  117  108  100  100  109  124  142  162  186  214  245  273  296  310
  317  319  318  316  316  323  337  356  369  369  356  338  324  317  316  315
  312  309  307  306  301  288  266  241  217  196  176  158  141  127  115  105
   93   82   74   71   73   77   80   83   87   93  102  110  114  112  107  102
  101  101  102  102  101  103  109  117  124
    37.5-180.0 180.0   5.0 450.0                            LAT/LON1/LON2/DLON/H
  110  114  109  100   92   92  102  118  137  160  186  217  250  280  302  314
  319  320  319  317  319  328  346  365  377  372  354  331  315  310  312  314
  315  317  324  329  326  309  280  247  217  193  173  153  135  119  106   95
   85   74   66   63   64   68   70   71   72   76   85   96  102  103   98   93
   88   85   82   79   77   80   88  100  110
    35.0-180.0 180.0   5.0 450.0                            LAT/LON1/LON2/DLON/H
   92   98   96   88   81   80   89  105  127  152  182  217  254  286  308  318
  321  321  321  321  324  334  352  371  380  370  348  326  317  320  329  335
  339  345  357  367  364  342  304  263  228  204  185  165  145  128  117  109
  102   94   87   83   82   83   81   76   71   70   76   84   92   94   91   86
   79   73   66   59   55   56   65   79   92
    32.5-180.0 180.0   5.0 450.0                            LAT/LON1/LON2/DLON/H
   74   83   84   79   71   69   76   92  115  144  178  218  257  291  312  321
  323  324  325  327  331  340  356  372  377  365  345  331  336  355  376  387
  391  396  407  418  414  386  341  294  258  235  218  200  180  164  156  156
  156  153  146  139  134  128  119  107   93   84   82   86   91   95   94   90
   83   75   65   54   45   43   49   61   74
    30.0-180.0 180.0   5.0 450.0                            LAT/LON1/LON2/DLON/H
   64   73   77   74   67   63   68   84  109  141  179  221  262  296  316  325
  327  329  332  335  338  345  357  368  370  360  348  352  379  421  455  470
  468  466  473  482  474  442  392  343  308  289  276  259  240  227  226  235
  245  247  242  230  218  203  186  164  140  121  109  106  108  111  112  110
  105   97   85   70   57   48   47   53   64
    27.5-180.0 180.0   5.0 450.0                            LAT/LON1/LON2/DLON/H
   65   72   77   77   70   64   67   82  110  145  185  227  267  299  319  328
  331  336  341  344  345  347  355  363  365  361  364  391  446  512  559  573
  562  548  546  549  539  505  454  407  377  363  354  339  321  312  318  337
  356  364  358  341  319  295  268  238  206  177  157  146  143  144  147  148
  146  139  126  110   92   75   64   61   65
    25.0-180.0 180.0   5.0 450.0                            LAT/LON1/LON2/DLON/H
   77   80   85   85   79   72   72   88  117  155  195  234  270  299  318  328
  335  343  351  353  351  349  353  361  367  373  394  447  530  617  674  683
  658  628  614  611  600  567  520  479  456  448  442  428  410  403  415  441
  466  477  469  446  416  383  349  313  277  243  216  199  191  191  195  198
  198  194  183  166  144  120   97   82   77
    22.5-180.0 180.0   5.0 450.0                            LAT/LON1/LON2/DLON/H
   97   94   97   97   91   82   81   97  129  168  206  240  271  296  314  327
  338  350  359  361  357  352  355  366  379  398  438  514  619  720  779  778
  737  691  666  658  647  620  581  549  534  532  526  511  491  483  495  523
  549  558  547  518  482  445  408  372  337  303  275  255  245  243  246  250
  252  250  242  226  203  172  140  113   97
    20.0-180.0 180.0   5.0 450.0                            LAT/LON1/LON2/DLON/H
  120  110  110  109  101   90   89  107  141  181  216  244  268  289  307  324
  339  355  366  368  362  358  364  381  404  436  492  582  698  802  855  842
  785  726  693  683  676  657  629  607  600  600  593  573  549  535  541  561
  580  584  569  538  500  464  430  400  372  346  322  304  293  289  291  294
  295  295  289  277  254  220  181  144  120
    17.5-180.0 180.0   5.0 450.0                            LAT/LON1/LON2/DLON/H
  139  124  120  116  106   95   94  114  150  190  222  244  262  281  301  321
  341  359  372  374  369  368  380  407  442  485  548  642  754  849  889  862
  795  730  694  686  685  675  659  647  645  644  633  607  574  549  542  546
  552  546  527  498  466  436  412  393  377  363  349  336  327  322  320  319
  319  318  314  305  285  252  211  169  139
    15.0-180.0 180.0   5.0 450.0                            LAT/LON1/LON2/DLON/H
  151  133  125  118  106   94   95  117  155  195  224  243  257  275  297  321
  344  364  378  381  379  385  407  445  490  539  601  685  780  856  878  840
  770  707  675  672  677  677  671  667  666  662  644  610  567  528  500  483
  469  453  433  411  390  372  361  356  355  355  353  349  343  337  330  324
  318  315  313  307  291  262  223  183  151
    12.5-180.0 180.0   5.0 450.0                            LAT/LON1/LON2/DLON/H
  155  137  126  116  102   90   93  117  156  196  224  242  257  277  302  328
  352  372  386  392  396  410  444  493  544  593  645  708  777  825  829  786
  722  670  648  652  663  670  671  670  668  658  633  591  538  483  433  392
  358  333  315  305  299  296  299  306  319  332  341  344  342  334  322  309
  298  291  288  284  272  249  217  183  155
    10.0-180.0 180.0   5.0 450.0                            LAT/LON1/LON2/DLON/H
  152  136  124  111   96   85   90  116  157  196  225  244  263  287  315  343
  366  386  400  409  420  445  488  545  599  641  677  713  750  771  760  719
  669  635  627  638  652  662  666  665  658  641  610  563  503  435  365  302
  253  222  211  215  225  237  249  265  285  306  323  331  329  319  303  283
  266  255  250  247  238  222  199  174  152
     7.5-180.0 180.0   5.0 450.0                            LAT/LON1/LON2/DLON/H
  148  135  122  106   91   83   91  119  159  198  229  252  277  307  338  365
  386  404  419  433  452  486  537  597  648  681  696  706  713  710  691  659
  630  618  624  640  655  664  665  661  648  626  591  543  480  403  321  245
  187  158  157  175  199  218  234  250  270  292  309  317  314  301  280  256
  234  220  212  208  201  190  175  161  148
     5.0-180.0 180.0   5.0 450.0                            LAT/LON1/LON2/DLON/H
  145  136  122  105   90   85   96  125  164  203  236  266  298  333  366  391
  410  427  444  463  490  530  585  643  688  708  706  693  678  660  640  623
  618  627  645  663  675  679  676  666  648  622  587  542  481  405  320  242
  187  166  176  205  234  253  263  271  283  297  307  310  303  286  263  236
  212  196  187  181  173  164  157  151  145
     2.5-180.0 180.0   5.0 450.0                            LAT/LON1/LON2/DLON/H
  148  141  126  107   93   91  106  136  174  212  246  282  321  360  394  417
  434  450  471  496  529  573  626  678  713  721  707  681  654  633  619  619
  635  661  687  704  710  708  698  683  660  632  601  563  511  443  366  299
  257  249  270  302  328  337  333  326  323  323  321  314  301  281  256  229
  206  190  180  172  163  154  149  149  148
