gLAB/files/quiet/15_02_2014/whrg0460.14i
     1.0            IONOSPHERE MAPS     GPS                 IONEX VERSION / TYPE
GIM_GPS V1.0        GRC,WHU             03-Nov-17 23:57     PGM / RUN BY / DATE 
WHU'S GLOBAL IONOSPHERE MAPS FOR DAY 046,2014               COMMENT
zhangqiang@whu.edu.cn                                       COMMENT
  2014     2    15     0     0    0.0000                    EPOCH OF FIRST MAP
  2014     2    16     0     0    0.0000                    EPOCH OF LAST MAP 
  7200                                                      INTERVAL
    13                                                      # OF MAPS IN FILE
  NONE                                                      MAPPING FUNCTION
    10.0                                                    ELEVATION CUTOFF
One-way carrier phase leveled to code                       OBSERVABLES USED    
   305                                                      # OF STATIONS
    31                                                      # OF SATELLITES
  6371.0                                                    BASE RADIUS
     2                                                      MAP DIMENSION       
   450.0 450.0   0.0                                        HGT1 / HGT2 / DHGT
    87.5 -87.5  -2.5                                        LAT1 / LAT2 / DLAT
  -180.0 180.0   5.0                                        LON1 / LON2 / DLON
    -1                                                      EXPONENT
TEC/RMS values in 0.1 TECU; 0, if negative value apear      COMMENT
                           9999, if no value available      COMMENT
Peak TEC values for the included maps:                      COMMENT
1055  996 1027  963  949 1128 1015  868  890  827  846 1038 COMMENT
1191                                                        COMMENT
List of stations:                                           COMMENT
bisk amu2 algo ganp casc bor1 conz auck dgar cro1 brux bndy COMMENT
chpi abmf faiv dubo boav ccj2 badg cusv braz bshm alic dgav COMMENT
glps cord chti bjco dund abpo flin ankr bogo cedu brft bake COMMENT
daej coyq cags dhlg chur alme glsv areq ebre bjfs flrs adis COMMENT
bogt darw cefe cpxf brmu bako faa1 gmsd dour frdn call alrt COMMENT
cnmr arev bjnm ajac crar bomj cggn dav1 brst drao barh func COMMENT
artu coco gode bluf cas1 fair albh amc2 godz gras haas hlfx COMMENT
holb impz isba joze khar kokb laut lpal mag0 mas1 mbar mets COMMENT
gol2 lpgs graz harb hnis karr hnpt ispa holm ineg kir0 lck2 COMMENT
kokv mat1 maju gold m0se mgue mal2 mcil guam helg hob2 guat COMMENT
joen hrao kat1 lcki kiri invk mate kouc kiru mac1 gope mizu COMMENT
mcm4 hers mana ieng hofn guug jog2 kely maui lhaz kour iqal COMMENT
kit3 goug madr mkea mdvj mar6 hert iisc lmmf kerg mobk joz2 COMMENT
nano maw1 nklg nrc1 lama nya1 irkj mobj pado penc medi pimo COMMENT
pots mobs qaq1 recf riop nlib naur scor nril shao spt0 str2 COMMENT
ohi2 park pert pngm monp pove quin not1 roth pets scrz reso COMMENT
nrmd sjdv ssia pbr2 nico ohi3 suth morp pohn rabt pol2 prds COMMENT
pfa2 novm salu ntus reun smst sctb nist sutm mqzg pbri sthl COMMENT
onsa pie1 polv ramo soda ptag nply savo nurk reyk nium sutv COMMENT
stjo sey1 pdel syog opmt ters rcmn tidb tow2 sch2 sofi ptbb COMMENT
rio2 sydn sfer tuva unb3 stk2 usn3 vald twtf tabl thti whit COMMENT
wtzr tixg yakt yell trng zeck unbj vil0 usno tah1 uclu thu2 COMMENT
wtzs usud tixi yar2 will tro1 yibl zim2 ykro unsa vill tash COMMENT
ufpr wtzz yar3 thu3 vaas wind wsrt urum zimj tlse tsea yssk COMMENT
wab2 tela ulab wuhn wtza tid1 yarr vaco urus zimm tong zamb COMMENT
tskb wgtn xmis ycba zwe2                                    COMMENT
                                                            END OF HEADER
[from data line 1716]
     5                                                      START OF TEC MAP  
  2014     2    15     8     0  0.00                        EPOCH OF CURRENT MAP
    87.5-180.0 180.0   5.0 450.0                            LAT/LON1/LON2/DLON/H
   64   65   66   67   68   70   71   73   75   77   79   81   83   84   86   88
   90   91   93   94   96   97   98   99  100  100  101  101  102  102  102  102
  102  102  102  101  101  100  100   99   99   98   97   96   95   94   93   92
   91   90   88   87   85   84   82   80   79   77   75   74   72   71   69   68
   67   66   65   64   64   64   64   64   64
    85.0-180.0 180.0   5.0 450.0                            LAT/LON1/LON2/DLON/H
   43   45   46   49   51   55   58   62   65   69   73   77   81   85   89   92
   95   98  101  103  105  107  109  110  111  112  112  112  112  112  112  112
  112  111  111  110  110  110  110  109  109  109  108  108  108  107  106  105
  104  103  101   99   97   94   91   88   84   80   76   73   69   65   61   57
   54   51   48   46   44   43   43   43   43
    82.5-180.0 180.0   5.0 450.0                            LAT/LON1/LON2/DLON/H
   26   27   29   32   36   41   46   51   57   63   68   74   79   84   89   93
   97  100  104  106  109  111  112  113  114  115  115  115  114  114  113  113
  112  112  112  112  112  112  113  114  116  117  119  121  123  124  125  126
  126  126  125  124  122  118  115  110  105   99   93   86   79   72   65   58
   52   45   40   35   31   28   26   26   26
    80.0-180.0 180.0   5.0 450.0                            LAT/LON1/LON2/DLON/H
   15   15   17   21   25   31   37   44   51   57   64   70   76   81   86   90
   94   97  100  103  105  107  109  110  110  110  110  109  108  107  106  105
  105  105  105  106  107  110  113  116  120  125  130  135  140  145  150  154
  157  159  160  160  159  156  152  147  140  133  124  115  105   95   84   73
   63   53   44   36   29   23   19   16   15
    77.5-180.0 180.0   5.0 450.0                            LAT/LON1/LON2/DLON/H
   12   11   12   15   20   26   33   40   47   54   60   66   71   76   80   84
   87   90   93   95   97   99  100  101  101  101  100   99   97   95   94   93
   92   92   94   96   99  104  110  116  124  133  142  151  161  170  179  187
  193  199  202  204  204  202  198  193  185  176  166  155  142  129  115  101
   87   73   60   48   37   28   21   15   12
    75.0-180.0 180.0   5.0 450.0                            LAT/LON1/LON2/DLON/H
   18   15   14   16   20   26   32   39   46   53   59   64   68   71   74   76
   79   81   84   86   88   90   91   92   92   91   89   87   84   82   80   78
   78   78   81   85   90   98  107  117  129  142  155  169  183  196  209  220
  230  238  244  248  249  247  244  238  230  221  209  196  182  167  151  134
  117  100   84   68   54   42   31   23   18
    72.5-180.0 180.0   5.0 450.0                            LAT/LON1/LON2/DLON/H
   29   23   21   22   25   30   36   42   48   54   59   62   65   67   68   70
   72   74   76   79   81   83   85   85   85   83   80   77   73   69   66   64
   64   66   70   76   84   94  107  120  136  152  169  186  204  220  236  250
  262  272  279  284  285  284  281  275  266  256  245  231  217  200  183  165
  147  128  109   92   75   60   47   36   29
    70.0-180.0 180.0   5.0 450.0                            LAT/LON1/LON2/DLON/H
   42   35   31   30   32   35   40   46   51   56   59   61   63   64   64   65
   67   69   72   75   78   81   82   83   82   79   75   70   64   59   56   54
   54   57   63   71   82   95  110  127  145  164  183  203  222  240  257  272
  285  295  302  307  308  306  302  296  287  277  266  252  238  222  205  187
  168  148  129  111   94   78   63   51   42
    67.5-180.0 180.0   5.0 450.0                            LAT/LON1/LON2/DLON/H
   54   46   41   38   38   41   45   49   54   57   60   61   61   61   62   63
   65   67   71   74   78   81   83   83   81   78   72   66   59   53   49   47
   48   53   60   71   85  100  118  137  156  176  197  217  236  254  271  285
  297  306  312  315  315  312  307  300  292  282  270  258  244  229  212  194
  176  157  139  122  105   90   76   64   54
    65.0-180.0 180.0   5.0 450.0                            LAT/LON1/LON2/DLON/H
   63   55   48   44   43   44   47   51   54   57   59   59   59   59   60   61
   63   67   70   74   78   81   83   84   82   77   71   63   55   49   45   44
   47   53   63   76   92  110  129  149  169  189  209  228  246  263  278  290
  301  308  312  313  311  306  300  293  284  274  263  251  238  223  207  190
  172  154  137  122  108   95   84   73   63
    62.5-180.0 180.0   5.0 450.0                            LAT/LON1/LON2/DLON/H
   69   61   54   48   45   45   46   49   52   54   56   56   56   56   57   59
   62   65   69   73   76   80   82   82   81   76   69   61   53   47   43   44
   49   58   70   85  102  121  141  162  181  201  219  236  253  268  281  292
  300  305  306  305  302  296  289  281  272  262  252  240  227  212  196  178
  160  143  127  114  103   93   85   77   69
    60.0-180.0 180.0   5.0 450.0                            LAT/LON1/LON2/DLON/H
   72   65   57   50   45   43   44   46   48   50   51   52   52   53   54   57
   59   62   65   68   71   74   77   78   77   74   67   59   51   45   44   47
   54   65   79   96  115  134  154  174  193  211  228  244  259  272  284  293
  299  302  302  300  295  289  282  274  265  255  245  233  220  204  187  168
  149  131  115  103   94   88   84   79   72
    57.5-180.0 180.0   5.0 450.0                            LAT/LON1/LON2/DLON/H
   75   68   60   52   46   42   41   42   44   45   46   47   48   49   51   53
   55   58   59   61   64   66   70   72   73   70   65   57   50   45   46   51
   61   75   91  108  127  147  167  186  204  221  237  251  265  278  289  298
  303  306  305  301  296  290  283  276  268  259  249  236  222  206  187  167
  146  125  108   96   88   84   82   80   75
    55.0-180.0 180.0   5.0 450.0                            LAT/LON1/LON2/DLON/H
   80   73   64   55   48   43   41   41   41   42   43   44   45   46   48   50
   51   52   53   54   55   58   63   67   70   69   64   57   50   47   49   57
   70   86  103  121  139  159  178  197  214  230  245  259  273  287  298  307
  313  315  314  310  306  300  294  288  281  273  262  250  235  218  199  177
  153  131  111   97   88   85   84   83   80
    52.5-180.0 180.0   5.0 450.0                            LAT/LON1/LON2/DLON/H
   86   80   71   62   54   48   44   43   42   42   43   44   45   46   47   47
   48   48   48   48   50   54   59   66   70   71   67   59   53   50   54   65
   80   97  115  133  151  170  189  207  223  238  253  268  283  297  310  319
  325  328  327  324  319  314  310  305  299  291  281  269  254  237  218  196
  171  147  124  107   96   92   90   89   86
    50.0-180.0 180.0   5.0 450.0                            LAT/LON1/LON2/DLON/H
   94   88   80   71   63   57   53   49   47   46   46   46   47   48   47   47
   47   46   47   47   50   55   62   70   76   78   74   66   58   56   61   73
   90  108  127  145  163  182  200  217  233  247  261  276  292  308  321  331
  337  340  339  335  331  326  322  318  313  306  297  284  270  255  237  217
  194  169  145  125  111  103  100   98   94
    47.5-180.0 180.0   5.0 450.0                            LAT/LON1/LON2/DLON/H
  101   96   89   82   76   70   65   59   55   52   51   52   52   52   51   49
   48   48   50   52   56   62   70   80   87   89   84   75   66   62   67   81
   99  118  137  156  174  194  212  229  243  256  270  285  301  317  330  339
  345  346  345  340  335  329  324  320  316  310  300  289  275  262  248  231
  212  189  165  143  126  116  110  106  101
    45.0-180.0 180.0   5.0 450.0                            LAT/LON1/LON2/DLON/H
  105  100   96   92   89   84   78   71   65   60   58   58   59   58   56   53
   52   54   57   62   67   74   83   93  100  102   97   86   74   69   73   87
  106  126  146  166  186  206  226  242  255  266  279  293  309  324  335  343
  347  348  344  338  330  322  315  310  306  300  291  279  266  255  244  233
  218  199  177  155  137  124  116  110  105
    42.5-180.0 180.0   5.0 450.0                            LAT/LON1/LON2/DLON/H
  102  100   99   99   99   97   91   83   74   67   65   65   66   65   62   59
   58   61   67   74   81   88   97  106  113  114  108   96   82   74   77   90
  109  131  153  174  197  219  240  256  267  278  289  303  318  331  341  347
  349  348  343  334  322  310  300  293  288  282  272  260  247  236  228  220
  210  196  177  157  139  125  114  107  102
    40.0-180.0 180.0   5.0 450.0                            LAT/LON1/LON2/DLON/H
   94   94   96  101  104  104   99   90   80   72   69   70   72   71   69   65
   65   69   76   85   93  100  107  115  121  123  117  104   88   78   78   89
  109  133  157  181  207  232  254  270  281  291  303  316  330  342  351  356
  357  356  350  338  323  306  292  282  275  268  258  244  229  216  207  200
  193  182  166  148  131  116  105   98   94
    37.5-180.0 180.0   5.0 450.0                            LAT/LON1/LON2/DLON/H
   83   85   90   97  103  106  102   93   82   73   70   72   76   77   75   72
   72   76   85   94  102  108  113  118  123  126  121  108   92   78   76   86
  106  131  158  186  215  243  267  284  297  308  321  336  351  364  373  379
  382  382  377  364  345  323  304  290  281  273  262  246  227  210  196  186
  176  164  150  133  117  103   92   85   83
    35.0-180.0 180.0   5.0 450.0                            LAT/LON1/LON2/DLON/H
   73   76   83   91   98  102   99   91   81   72   69   72   78   81   81   79
   79   83   90   99  105  109  112  115  120  123  121  110   93   77   72   80
  101  128  158  189  221  252  278  298  313  328  345  365  384  400  413  423
  432  437  434  421  399  373  348  331  320  312  300  281  257  232  210  191
  174  156  139  121  105   91   81   75   73
    32.5-180.0 180.0   5.0 450.0                            LAT/LON1/LON2/DLON/H
   72   75   80   86   91   95   94   87   77   68   66   71   79   85   87   86
   86   88   94  100  105  107  108  109  113  118  118  109   92   74   66   73
   94  124  156  191  226  259  288  311  331  353  377  403  429  451  472  491
  509  521  523  512  488  458  429  409  397  388  375  354  325  292  259  227
  198  170  145  123  105   91   80   74   72
    30.0-180.0 180.0   5.0 450.0                            LAT/LON1/LON2/DLON/H
   86   85   86   87   88   89   88   83   74   66   64   70   79   88   92   93
   92   94   97  100  103  104  103  103  106  112  114  107   90   71   61   67
   89  121  156  193  230  265  297  324  351  381  415  450  484  515  546  576
  606  628  636  628  603  571  540  517  504  495  482  460  428  388  344  299
  255  214  178  149  126  109   97   89   86
    27.5-180.0 180.0   5.0 450.0                            LAT/LON1/LON2/DLON/H
  117  112  106   98   93   89   87   82   74   67   65   71   81   91   97   99
   99   98   99  101  102  102  100   99  101  107  110  104   87   67   56   62
   86  120  158  196  234  271  305  339  373  413  456  500  542  583  624  668
  710  742  757  751  727  694  662  639  625  617  605  583  550  507  456  400
  343  288  240  201  171  149  134  124  117
    25.0-180.0 180.0   5.0 450.0                            LAT/LON1/LON2/DLON/H
  166  154  140  123  109  100   95   90   82   74   71   75   85   95  101  103
  103  103  102  102  103  103  102   99   99  103  106  100   84   63   52   60
   87  124  164  203  241  279  316  355  397  445  496  547  595  643  694  749
  802  842  862  858  836  803  772  749  736  728  718  700  670  629  577  516
  450  384  324  276  238  211  191  177  166
    22.5-180.0 180.0   5.0 450.0                            LAT/LON1/LON2/DLON/H
  226  209  186  160  137  122  114  107   98   88   83   85   92   99  104  105
  106  106  105  105  107  108  106  103  100  101  101   95   79   60   51   61
   91  131  173  213  251  290  330  373  421  475  531  584  634  685  742  804
  862  907  930  927  906  875  846  825  813  806  799  786  763  730  684  625
  558  487  421  364  320  286  261  242  226
    20.0-180.0 180.0   5.0 450.0                            LAT/LON1/LON2/DLON/H
  290  268  239  207  177  156  143  134  123  111  103  102  104  106  106  106
  106  107  108  109  111  113  112  107  101   98   96   88   73   57   51   66
  100  142  185  226  265  304  346  392  444  501  557  608  654  702  758  820
  879  924  946  944  924  896  870  852  842  837  832  825  812  791  758  710
  648  580  513  453  403  363  333  310  290
    17.5-180.0 180.0   5.0 450.0                            LAT/LON1/LON2/DLON/H
  347  323  292  256  222  197  182  170  157  142  131  125  122  117  110  105
  105  107  110  111  114  116  115  109  100   93   88   81   68   55   54   74
  111  156  199  240  280  321  364  412  464  519  570  614  652  692  741  796
  850  891  910  906  888  864  843  829  821  817  816  815  813  806  788  756
  708  649  587  527  475  431  397  370  347
    15.0-180.0 180.0   5.0 450.0                            LAT/LON1/LON2/DLON/H
  389  365  336  301  267  242  225  211  195  178  164  154  145  132  116  105
  102  106  110  112  114  116  114  106   95   86   80   73   63   56   60   84
  123  169  213  254  294  336  380  428  478  528  572  606  633  661  697  741
  785  818  832  828  812  793  777  767  762  760  761  766  773  779  777  762
  731  686  633  577  525  479  441  413  389
    12.5-180.0 180.0   5.0 450.0                            LAT/LON1/LON2/DLON/H
  411  390  365  336  307  284  268  253  236  218  201  188  173  152  127  109
  102  105  109  111  111  110  106   98   87   77   72   67   62   60   70   96
  136  181  223  264  305  348  392  438  484  528  564  589  604  619  640  670
  702  726  736  732  720  705  695  690  689  689  692  700  713  728  738  737
  721  691  649  599  548  501  462  433  411
    10.0-180.0 180.0   5.0 450.0                            LAT/LON1/LON2/DLON/H
  411  396  378  357  335  318  305  292  275  256  239  224  204  176  143  117
  106  106  109  109  105  100   95   87   77   69   66   66   65   68   81  109
  147  189  229  269  310  353  396  439  481  519  550  568  576  580  589  604
  624  641  649  647  639  630  626  625  628  630  635  644  659  675  689  695
  691  672  640  596  547  500  460  431  411
     7.5-180.0 180.0   5.0 450.0                            LAT/LON1/LON2/DLON/H
  396  385  375  363  350  340  333  323  309  291  273  257  235  203  164  131
  115  111  111  107   99   90   82   75   68   64   65   69   73   79   94  121
  156  193  230  267  307  350  391  431  470  505  533  551  557  556  556  561
  572  584  594  596  594  590  591  595  600  605  610  619  630  642  651  656
  654  642  615  576  528  480  441  413  396
     5.0-180.0 180.0   5.0 450.0                            LAT/LON1/LON2/DLON/H
  372  366  362  358  353  351  350  346  335  319  301  284  261  228  186  150
  128  120  116  108   95   82   73   67   64   65   69   76   83   91  106  130
  160  193  225  260  298  338  378  415  452  487  519  541  553  554  552  551
  557  569  582  591  595  597  601  608  616  622  628  634  639  640  637  632
  625  612  587  548  500  452  413  386  372
     2.5-180.0 180.0   5.0 450.0                            LAT/LON1/LON2/DLON/H
  349  345  345  346  347  351  357  359  353  338  320  302  280  248  208  170
  145  132  123  111   95   80   70   66   66   70   77   85   92  101  114  135
  161  189  218  250  285  322  358  394  431  469  508  541  563  573  574  574
  580  595  613  629  639  646  653  662  670  677  682  686  683  670  650  629
  610  591  563  523  474  425  386  361  349
