gLAB/files/quiet/15_02_2014/whrg0460.14i
     1.0            IONOSPHERE MAPS     GPS                 IONEX VERSION / TYPE
GIM_GPS V1.0        GRC,WHU             03-Nov-17 23:57     PGM / RUN BY / DATE 
WHU'S GLOBAL IONOSPHERE MAPS FOR DAY 046,2014               COMMENT
zhangqiang@whu.edu.cn                                       COMMENT
  2014     2    15     0     0    0.0000                    EPOCH OF FIRST MAP
  2014     2    16     0     0    0.0000                    EPOCH OF LAST MAP 
  7200                                                      INTERVAL
    13                                                      # OF MAPS IN FILE
  NONE                                                      MAPPING FUNCTION
    10.0                                                    ELEVATION CUTOFF
One-way carrier phase leveled to code                       OBSERVABLES USED    
   305                                                      # OF STATIONS
    31                                                      # OF SATELLITES
  6371.0                                                    BASE RADIUS
     2                                                      MAP DIMENSION       
   450.0 450.0   0.0                                        HGT1 / HGT2 / DHGT
    87.5 -87.5  -2.5                                        LAT1 / LAT2 / DLAT
  -180.0 180.0   5.0                                        LON1 / LON2 / DLON
    -1                                                      EXPONENT
TEC/RMS values in 0.1 TECU; 0, if negative value apear      COMMENT
                           9999, if no value available      COMMENT
Peak TEC values for the included maps:                      COMMENT
1055  996 1027  963  949 1128 1015  868  890  827  846 1038 COMMENT
1191                                                        COMMENT
List of stations:                                           COMMENT
bisk amu2 algo ganp casc bor1 conz auck dgar cro1 brux bndy COMMENT
chpi abmf faiv dubo boav ccj2 badg cusv braz bshm alic dgav COMMENT
glps cord chti bjco dund abpo flin ankr bogo cedu brft bake COMMENT
daej coyq cags dhlg chur alme glsv areq ebre bjfs flrs adis COMMENT
bogt darw cefe cpxf brmu bako faa1 gmsd dour frdn call alrt COMMENT
cnmr arev bjnm ajac crar bomj cggn dav1 brst drao barh func COMMENT
artu coco gode bluf cas1 fair albh amc2 godz gras haas hlfx COMMENT
holb impz isba joze khar kokb laut lpal mag0 mas1 mbar mets COMMENT
gol2 lpgs graz harb hnis karr hnpt ispa holm ineg kir0 lck2 COMMENT
kokv mat1 maju gold m0se mgue mal2 mcil guam helg hob2 guat COMMENT
joen hrao kat1 lcki kiri invk mate kouc kiru mac1 gope mizu COMMENT
mcm4 hers mana ieng hofn guug jog2 kely maui lhaz kour iqal COMMENT
kit3 goug madr mkea mdvj mar6 hert iisc lmmf kerg mobk joz2 COMMENT
nano maw1 nklg nrc1 lama nya1 irkj mobj pado penc medi pimo COMMENT
pots mobs qaq1 recf riop nlib naur scor nril shao spt0 str2 COMMENT
ohi2 park pert pngm monp pove quin not1 roth pets scrz reso COMMENT
nrmd sjdv ssia pbr2 nico ohi3 suth morp pohn rabt pol2 prds COMMENT
pfa2 novm salu ntus reun smst sctb nist sutm mqzg pbri sthl COMMENT
onsa pie1 polv ramo soda ptag nply savo nurk reyk nium sutv COMMENT
stjo sey1 pdel syog opmt ters rcmn tidb tow2 sch2 sofi ptbb COMMENT
rio2 sydn sfer tuva unb3 stk2 usn3 vald twtf tabl thti whit COMMENT
wtzr tixg yakt yell trng zeck unbj vil0 usno tah1 uclu thu2 COMMENT
wtzs usud tixi yar2 will tro1 yibl zim2 ykro unsa vill tash COMMENT
ufpr wtzz yar3 thu3 vaas wind wsrt urum zimj tlse tsea yssk COMMENT
wab2 tela ulab wuhn wtza tid1 yarr vaco urus zimm tong zamb COMMENT
tskb wgtn xmis ycba zwe2                                    COMMENT
                                                            END OF HEADER
[from data line 3861]
    10                                                      START OF TEC MAP  
  2014     2    15    18     0  0.00                        EPOCH OF CURRENT MAP
    87.5-180.0 180.0   5.0 450.0                            LAT/LON1/LON2/DLON/H
  155  155  155  155  155  155  155  156  156  157  157  158  159  160  161  162
  163  165  166  167  169  170  172  173  174  176  177  178  179  180  181  182
  182  183  183  183  183  183  183  183  182  181  181  180  179  178  177  176
  175  174  173  172  171  170  169  168  167  166  165  164  163  162  161  160
  159  159  158  157  157  156  156  156  155
    85.0-180.0 180.0   5.0 450.0                            LAT/LON1/LON2/DLON/H
  138  137  136  136  136  136  136  136  136  137  138  139  141  143  145  147
  149  152  155  158  161  164  167  169  172  175  177  180  182  184  185  186
  187  188  188  188  188  187  186  185  184  182  181  179  177  175  173  171
  169  167  165  163  161  160  158  156  155  153  152  151  150  149  147  146
  145  144  143  142  141  140  139  139  138
    82.5-180.0 180.0   5.0 450.0                            LAT/LON1/LON2/DLON/H
  123  121  120  119  118  117  117  117  118  118  120  121  123  126  128  132
  135  139  143  147  152  156  160  165  169  172  176  179  181  183  185  186
  187  187  187  186  185  183  181  179  176  174  171  168  165  162  159  157
  154  152  150  148  146  144  143  141  140  139  138  137  136  135  134  133
  132  131  130  129  128  127  126  124  123
    80.0-180.0 180.0   5.0 450.0                            LAT/LON1/LON2/DLON/H
  112  110  108  106  105  104  103  103  104  105  107  109  111  114  118  122
  126  131  136  142  148  153  159  164  169  173  176  179  181  183  183  184
  183  182  180  178  175  172  168  165  161  157  154  150  146  143  140  138
  135  133  132  130  129  128  128  127  126  126  125  125  125  124  124  123
  123  122  122  121  120  118  116  114  112
    77.5-180.0 180.0   5.0 450.0                            LAT/LON1/LON2/DLON/H
  106  103  100   98   96   96   95   96   97   99  102  105  108  112  117  122
  127  133  140  147  154  161  168  173  178  181  184  185  186  185  184  182
  179  176  172  167  162  157  152  147  142  137  132  128  125  122  119  117
  116  115  115  115  115  116  116  117  117  118  118  118  118  118  118  118
  118  118  118  117  116  114  112  109  106
    75.0-180.0 180.0   5.0 450.0                            LAT/LON1/LON2/DLON/H
  103   99   96   93   92   92   93   95   98  102  107  111  116  121  126  132
  139  147  156  165  174  182  189  195  199  201  202  201  198  194  190  185
  178  172  165  157  150  142  135  128  122  116  111  107  104  101  100   99
   99  100  101  103  106  108  110  112  114  115  115  115  115  115  115  115
  115  116  116  116  114  113  110  107  103
    72.5-180.0 180.0   5.0 450.0                            LAT/LON1/LON2/DLON/H
   99   95   91   89   89   90   94   99  105  112  119  125  132  138  145  152
  161  171  182  194  206  216  224  230  233  233  230  225  219  211  203  194
  184  174  163  152  141  131  121  112  105   98   93   89   86   84   83   83
   85   87   91   95   99  104  108  112  114  116  116  116  115  114  113  113
  113  113  114  114  113  111  108  104   99
    70.0-180.0 180.0   5.0 450.0                            LAT/LON1/LON2/DLON/H
   93   88   85   84   85   89   96  105  115  125  135  145  153  161  169  178
  189  202  216  231  246  259  269  274  276  273  266  257  247  235  223  210
  196  182  167  153  138  125  112  102   93   85   80   76   73   71   70   71
   73   77   81   87   94  100  106  111  115  116  116  115  113  111  109  107
  107  108  108  109  108  106  103   98   93
    67.5-180.0 180.0   5.0 450.0                            LAT/LON1/LON2/DLON/H
   83   78   75   76   79   87   98  111  125  140  153  165  176  186  196  206
  219  234  252  271  289  305  316  321  320  314  304  291  277  263  248  232
  215  197  179  160  142  125  110   97   86   78   72   67   64   62   61   61
   63   66   71   78   86   94  101  108  112  114  113  111  107  103  100   98
   97   97   98   98   98   96   93   88   83
    65.0-180.0 180.0   5.0 450.0                            LAT/LON1/LON2/DLON/H
   69   65   64   66   73   85  100  117  136  154  171  186  199  210  221  234
  248  266  286  308  329  347  358  363  360  350  337  322  307  291  275  257
  238  218  195  172  150  130  112   98   86   77   70   65   60   57   54   53
   53   55   60   66   74   83   92   99  104  106  105  102   97   92   87   84
   83   83   83   84   84   83   79   74   69
    62.5-180.0 180.0   5.0 450.0                            LAT/LON1/LON2/DLON/H
   55   52   53   59   70   85  105  126  148  169  188  205  220  233  246  259
  275  293  315  339  362  380  390  393  387  376  361  346  331  317  301  284
  264  240  214  188  162  139  119  103   91   81   73   67   61   56   51   48
   46   46   48   54   61   69   78   86   91   93   93   89   84   78   73   69
   68   68   69   70   70   68   65   60   55
    60.0-180.0 180.0   5.0 450.0                            LAT/LON1/LON2/DLON/H
   45   44   47   56   71   91  115  139  164  186  207  225  241  256  269  283
  299  317  339  362  383  400  408  408  401  388  374  361  349  338  326  309
  288  262  233  203  175  150  129  113   99   89   80   73   66   60   54   48
   44   41   42   45   50   58   65   72   77   80   79   76   72   66   61   58
   56   57   58   59   59   57   54   49   45
    57.5-180.0 180.0   5.0 450.0                            LAT/LON1/LON2/DLON/H
   42   42   48   61   81  105  133  160  185  208  228  247  264  279  294  308
  322  338  357  376  394  407  412  409  400  388  376  367  361  355  346  331
  309  281  249  217  187  162  141  124  111  100   91   83   76   69   62   56
   50   46   44   44   47   53   58   64   68   70   70   67   64   59   56   53
   53   54   55   56   56   54   50   45   42
    55.0-180.0 180.0   5.0 450.0                            LAT/LON1/LON2/DLON/H
   48   49   57   73   98  127  158  187  213  235  253  271  288  304  319  332
  345  357  371  384  396  404  404  399  389  379  371  369  369  368  362  347
  324  293  259  225  196  171  152  137  124  113  104   96   90   84   78   72
   66   60   57   55   56   58   61   64   67   68   67   65   63   61   59   58
   58   60   62   63   63   60   56   51   48
    52.5-180.0 180.0   5.0 450.0                            LAT/LON1/LON2/DLON/H
   61   63   72   91  120  153  189  220  246  267  283  298  314  330  344  357
  366  374  381  388  393  394  391  383  374  367  365  369  374  377  372  356
  330  297  261  228  200  179  162  148  136  126  117  110  105  101   98   94
   89   84   79   76   74   74   75   75   75   75   74   72   71   70   70   70
   72   75   77   79   78   75   70   65   61
    50.0-180.0 180.0   5.0 450.0                            LAT/LON1/LON2/DLON/H
   80   81   90  111  142  180  220  255  282  301  315  327  340  355  368  378
  384  387  388  388  387  383  377  368  361  359  362  371  379  383  376  357
  328  292  256  225  201  183  170  158  146  136  127  121  119  118  118  117
  114  110  105  101   98   96   95   93   91   89   88   86   86   85   86   88
   90   93   96   98   97   94   90   84   80
    47.5-180.0 180.0   5.0 450.0                            LAT/LON1/LON2/DLON/H
   98   98  106  127  160  202  246  286  315  334  346  355  365  377  388  395
  398  396  392  387  382  375  367  360  356  357  364  375  383  384  373  349
  316  280  245  218  198  185  174  163  152  141  132  128  128  130  134  136
  135  131  126  122  119  117  115  113  110  107  105  103  102  102  103  105
  107  110  113  115  115  113  108  103   98
    45.0-180.0 180.0   5.0 450.0                            LAT/LON1/LON2/DLON/H
  111  110  117  136  170  214  264  308  342  363  373  380  387  395  402  406
  405  400  393  387  380  372  365  359  358  363  371  380  384  379  362  334
  299  264  233  210  194  184  175  165  153  141  132  128  129  134  139  143
  143  140  135  131  129  128  127  126  124  121  119  118  117  116  116  117
  119  121  123  124  125  124  121  116  111
    42.5-180.0 180.0   5.0 450.0                            LAT/LON1/LON2/DLON/H
  116  114  119  137  170  216  269  320  359  383  395  400  404  408  411  411
  406  400  393  387  381  375  370  367  368  373  380  383  380  367  345  315
  282  250  224  205  193  185  176  165  151  138  128  123  124  129  134  137
  136  133  128  124  123  125  128  129  129  128  127  126  125  123  122  121
  122  122  123  124  124  124  123  120  116
    40.0-180.0 180.0   5.0 450.0                            LAT/LON1/LON2/DLON/H
  111  111  116  132  163  209  264  319  364  394  409  416  418  419  417  412
  405  398  394  390  387  384  381  380  382  385  386  382  371  352  327  299
  271  245  225  210  199  190  179  164  149  134  123  117  116  118  120  121
  118  113  107  104  105  110  117  122  125  127  127  126  125  123  120  118
  116  115  114  113  113  114  115  114  111
    37.5-180.0 180.0   5.0 450.0                            LAT/LON1/LON2/DLON/H
  101  102  109  125  154  198  253  310  360  396  416  426  429  428  423  414
  405  398  396  396  397  395  394  393  395  394  389  378  359  337  314  293
  274  257  242  229  216  203  188  169  151  135  124  116  111  108  105  102
   97   90   84   81   84   91  101  109  115  119  120  120  119  117  114  110
  107  104  100   97   96   97   99  100  101
    35.0-180.0 180.0   5.0 450.0                            LAT/LON1/LON2/DLON/H
   87   93  103  120  148  189  241  297  350  390  416  431  438  438  432  420
  409  403  403  406  408  407  406  404  403  399  388  371  350  330  316  306
  298  290  279  265  248  228  206  184  164  148  136  126  117  108   99   93
   86   78   72   69   72   81   92  101  107  111  112  113  112  110  106  103
   99   94   88   82   78   78   80   83   87
    32.5-180.0 180.0   5.0 450.0                            LAT/LON1/LON2/DLON/H
   75   86  102  122  150  186  232  285  336  379  411  433  446  451  445  433
  420  413  414  417  419  417  413  410  407  400  386  368  350  339  337  342
  347  346  336  317  293  265  237  211  189  174  164  153  140  125  111  102
   96   90   85   82   84   92  101  107  110  110  110  109  108  106  104  101
   97   91   83   74   68   64   64   68   75
    30.0-180.0 180.0   5.0 450.0                            LAT/LON1/LON2/DLON/H
   68   85  107  133  161  193  232  277  324  366  402  430  452  464  463  452
  438  430  429  430  429  423  416  411  407  400  388  374  365  368  383  403
  419  422  409  383  350  314  279  249  228  215  207  197  181  161  145  136
  134  132  130  127  128  131  134  134  130  123  117  113  111  109  109  108
  105   99   90   78   68   61   58   60   68
    27.5-180.0 180.0   5.0 450.0                            LAT/LON1/LON2/DLON/H
   69   89  118  150  180  209  240  276  315  354  390  424  455  476  482  474
  461  451  447  443  436  425  415  411  408  405  399  395  400  420  451  484
  506  508  489  454  412  369  329  297  275  266  262  254  237  215  199  193
  197  202  204  203  200  198  192  182  167  151  137  128  123  122  122  124
  123  118  108   95   81   70   62   61   69
    25.0-180.0 180.0   5.0 450.0                            LAT/LON1/LON2/DLON/H
   76   98  132  170  204  231  256  283  313  345  378  416  454  485  499  496
  484  472  464  455  441  425  414  412  415  419  423  433  454  489  533  573
  595  592  564  521  472  425  381  346  325  319  319  315  299  277  263  263
  275  289  297  296  290  280  265  243  217  190  168  152  144  141  142  145
  146  142  133  120  105   90   77   71   76
    22.5-180.0 180.0   5.0 450.0                            LAT/LON1/LON2/DLON/H
   88  108  146  189  227  254  275  295  317  341  369  406  450  489  512  515
  505  493  481  466  446  428  418  421  432  445  462  485  521  568  618  657
  674  662  625  575  523  473  428  390  368  364  368  368  354  335  324  331
  352  375  388  388  378  361  337  305  268  232  202  180  168  163  165  168
  171  168  160  148  133  116   99   87   88
    20.0-180.0 180.0   5.0 450.0                            LAT/LON1/LON2/DLON/H
  102  119  156  202  244  274  295  312  328  344  366  399  444  489  519  529
  522  511  497  479  456  438  432  441  461  485  512  548  593  644  691  723
  729  707  663  611  559  509  463  423  398  394  401  403  393  375  368  382
  411  440  457  457  444  422  391  352  310  268  233  207  191  184  185  188
  190  189  183  173  159  143  124  107  102
    17.5-180.0 180.0   5.0 450.0                            LAT/LON1/LON2/DLON/H
  115  126  161  209  254  288  312  330  345  356  371  399  442  489  524  538
  536  527  515  497  475  459  459  476  503  535  569  610  658  705  742  760
  753  723  676  625  578  532  484  441  412  405  412  417  408  393  389  407
  441  473  490  489  474  448  414  374  331  290  254  227  209  200  199  201
  202  201  196  189  179  164  145  125  115
    15.0-180.0 180.0   5.0 450.0                            LAT/LON1/LON2/DLON/H
  125  132  163  210  257  295  325  349  366  377  387  408  446  492  529  547
  550  545  537  523  506  495  501  523  555  589  625  665  707  743  764  767
  748  713  668  624  583  542  494  446  411  400  405  409  401  387  384  405
  439  471  486  482  464  437  404  367  330  294  263  238  219  209  206  205
  205  203  199  194  188  177  160  139  125
    12.5-180.0 180.0   5.0 450.0                            LAT/LON1/LON2/DLON/H
  134  137  164  208  255  297  334  366  391  405  413  429  461  502  538  557
  565  567  567  560  550  545  556  580  611  642  673  705  735  755  759  746
  721  686  649  614  582  545  498  445  404  386  387  389  380  366  365  385
  417  443  452  444  424  397  367  337  309  283  260  239  223  212  207  204
  201  197  193  190  188  182  168  149  134
    10.0-180.0 180.0   5.0 450.0                            LAT/LON1/LON2/DLON/H
  141  143  167  208  254  298  341  382  416  437  446  459  485  521  552  572
  584  594  603  606  605  606  618  641  665  687  708  728  742  745  734  712
  685  657  630  607  582  550  502  446  399  376  372  370  359  345  344  363
  390  409  410  396  373  346  319  296  278  264  250  236  222  212  205  200
  195  189  184  182  182  180  171  155  141
     7.5-180.0 180.0   5.0 450.0                            LAT/LON1/LON2/DLON/H
  149  151  174  212  257  302  348  397  440  468  482  495  516  546  572  590
  605  623  642  657  664  670  681  697  712  721  729  735  735  724  702  677
  656  639  624  610  592  562  514  456  407  379  370  364  351  338  339  356
  378  388  382  361  335  306  280  261  251  247  241  232  221  211  204  198
  191  183  177  175  176  176  171  159  149
     5.0-180.0 180.0   5.0 450.0                            LAT/LON1/LON2/DLON/H
  157  162  186  223  265  309  356  408  458  495  515  529  548  572  593  609
  626  650  679  704  719  728  736  744  746  742  737  732  721  702  677  656
  645  641  637  629  613  584  537  480  431  402  389  379  366  356  360  377
  394  397  383  357  327  295  266  246  239  240  239  233  223  214  207  200
  192  183  175  172  172  173  171  163  157
     2.5-180.0 180.0   5.0 450.0                            LAT/LON1/LON2/DLON/H
  166  175  201  238  279  320  365  417  471  513  539  557  575  594  611  624
  641  670  708  741  762  773  777  775  766  751  737  725  710  690  669  658
  659  666  669  662  645  614  569  516  471  443  429  417  405  399  408  427
  441  437  418  390  357  320  284  259  248  248  248  241  231  221  214  207
  198  189  181  176  175  175  173  168  166
