gLAB/files/cme/01_09_2019/esrg2440.19i
     1.0            IONOSPHERE MAPS     GPS                 IONEX VERSION / TYPE
PAR2IONEX           ESA/ESOC            02-SEP-19 01:47     PGM / RUN BY / DATE 
ESOC'S GLOBAL IONOSPHERE MAPS FOR DAY 244, 2019             DESCRIPTION         
SH: SPHERICAL HARMONIC MODEL FROM 300 STATS; N = 15, M = 15 DESCRIPTION         
  2019     9     1     0     0     0                        EPOCH OF FIRST MAP  
  2019     9     2     0     0     0                        EPOCH OF LAST MAP   
  7200                                                      INTERVAL            
    13                                                      # OF MAPS IN FILE   
  NONE                                                      MAPPING FUNCTION    
    10.0                                                    ELEVATION CUTOFF    
One-way carrier phase leveled to code                       OBSERVABLES USED    
   300                                                      # OF STATIONS       
    53                                                      # OF SATELLITES     
  6371.0                                                    BASE RADIUS         
     2                                                      MAP DIMENSION       
   450.0 450.0   0.0                                        HGT1 / HGT2 / DHGT  
    87.5 -87.5  -2.5                                        LAT1 / LAT2 / DLAT  
  -180.0 180.0   5.0                                        LON1 / LON2 / DLON  
    -1                                                      EXPONENT            
TEC/RMS values in 0.1 TECU; 9999, if no value available     COMMENT             
                                                            END OF HEADER       
[from data line 858]
     3                                                      START OF TEC MAP    
  2019     9     1     4     0     0                        EPOCH OF CURRENT MAP
    87.5-180.0 180.0   5.0 450.0                            LAT/LON1/LON2/DLON/H
   65   65   65   64   64   64   64   64   63   63   63   62   62   61   61   60
   60   59   59   58   58   57   57   57   56   56   56   55   55   55   55   55
   55   55   55   55   56   56   56   56   56   57   57   57   58   58   58   58
   59   59   59   60   60   60   61   61   61   62   62   62   63   63   63   64
   64   64   64   64   65   65   65   65   65                                   
    85.0-180.0 180.0   5.0 450.0                            LAT/LON1/LON2/DLON/H
   66   66   66   66   66   66   65   65   64   64   63   63   62   61   60   59
   58   57   55   54   53   52   51   50   50   49   49   48   48   48   48   49
   49   49   50   50   51   51   52   52   53   53   54   54   54   55   55   55
   56   56   56   57   57   58   59   59   60   61   61   62   63   63   64   64
   65   65   66   66   66   66   66   66   66                                   
    82.5-180.0 180.0   5.0 450.0                            LAT/LON1/LON2/DLON/H
   65   65   65   65   65   65   65   64   64   64   63   62   61   60   59   57
   56   54   52   50   48   46   45   43   42   41   41   41   41   41   42   42
   43   44   46   47   48   48   49   50   50   51   51   51   51   52   52   52
   52   52   52   53   53   54   55   56   57   58   59   60   61   62   63   64
   64   65   65   65   66   66   66   66   65                                   
    80.0-180.0 180.0   5.0 450.0                            LAT/LON1/LON2/DLON/H
   62   62   62   62   62   62   62   62   62   62   62   61   61   60   58   56
   54   52   49   46   44   41   39   37   35   34   34   34   34   35   37   38
   40   42   43   45   46   47   48   49   49   50   50   49   49   49   48   48
   48   48   48   48   49   50   51   52   53   55   56   58   59   60   61   62
   63   63   64   64   64   63   63   63   62                                   
    77.5-180.0 180.0   5.0 450.0                            LAT/LON1/LON2/DLON/H
   58   58   57   57   57   57   58   58   59   60   60   60   60   60   58   57
   54   51   48   45   41   38   35   32   30   29   29   29   30   32   34   36
   39   41   43   45   47   48   48   49   49   49   48   48   47   46   45   45
   44   44   44   44   45   46   47   49   51   53   55   56   58   59   61   61
   62   62   62   62   61   61   60   59   58                                   
    75.0-180.0 180.0   5.0 450.0                            LAT/LON1/LON2/DLON/H
   55   54   53   52   52   53   53   55   56   57   58   59   60   60   59   58
   55   52   49   45   41   37   33   30   28   27   27   28   29   32   34   37
   40   42   44   46   47   48   48   48   48   47   46   46   45   44   43   42
   41   41   41   42   43   44   46   48   50   52   54   56   58   59   60   61
   62   62   61   60   60   58   57   56   55                                   
    72.5-180.0 180.0   5.0 450.0                            LAT/LON1/LON2/DLON/H
   53   52   50   50   49   50   50   51   53   55   57   58   60   60   60   59
   57   54   51   47   42   38   34   31   29   28   28   29   31   34   36   39
   42   44   45   46   46   46   46   45   44   44   43   42   42   41   41   40
   40   40   41   41   43   44   46   49   51   53   56   58   59   60   61   62
   62   61   61   60   59   58   56   55   53                                   
    70.0-180.0 180.0   5.0 450.0                            LAT/LON1/LON2/DLON/H
   54   52   50   49   49   48   49   49   51   53   55   57   59   60   60   60
   59   56   53   49   45   41   37   34   32   31   31   32   34   37   39   41
   43   44   44   44   43   42   41   40   39   38   38   38   38   39   39   39
   40   41   42   43   45   47   49   52   54   56   58   60   61   62   62   63
   62   62   61   60   59   58   57   55   54                                   
    67.5-180.0 180.0   5.0 450.0                            LAT/LON1/LON2/DLON/H
   56   54   53   51   50   49   49   49   49   51   53   55   57   58   59   59
   59   57   55   51   48   44   40   37   35   35   35   36   37   39   41   42
   42   42   41   39   37   35   33   32   31   31   32   34   35   37   38   40
   41   43   44   46   49   51   54   56   58   60   62   63   64   64   64   64
   63   63   62   62   61   60   59   58   56                                   
    65.0-180.0 180.0   5.0 450.0                            LAT/LON1/LON2/DLON/H
   60   59   57   55   53   51   50   49   48   49   50   51   53   54   56   57
   57   56   55   52   49   46   43   40   38   37   37   38   39   39   40   40
   39   37   35   32   29   27   24   23   23   25   27   29   32   35   38   41
   43   46   48   51   54   56   59   61   63   64   65   66   66   66   65   65
   64   64   63   63   63   63   62   61   60                                   
    62.5-180.0 180.0   5.0 450.0                            LAT/LON1/LON2/DLON/H
   64   63   61   59   57   54   52   49   47   46   46   46   47   49   50   52
   53   53   52   51   49   47   44   41   39   38   37   37   37   37   37   36
   34   31   28   25   22   19   17   16   17   20   23   27   31   35   39   43
   46   50   53   56   59   62   64   65   67   68   68   69   69   68   67   67
   66   66   65   66   66   66   66   65   64                                   
    60.0-180.0 180.0   5.0 450.0                            LAT/LON1/LON2/DLON/H
   69   67   65   63   61   57   54   50   46   43   41   41   41   42   43   45
   46   47   48   48   47   45   43   40   38   36   35   35   34   33   31   30
   27   25   22   19   16   14   13   13   15   18   22   27   32   37   41   46
   50   54   58   61   64   67   69   70   71   71   71   72   71   71   70   69
   69   68   68   69   69   70   70   69   69                                   
    57.5-180.0 180.0   5.0 450.0                            LAT/LON1/LON2/DLON/H
   72   71   69   67   64   60   56   51   45   40   37   35   34   35   36   37
   39   40   42   42   42   41   39   37   35   33   32   31   30   28   26   24
   22   20   18   17   15   14   13   14   16   20   25   30   35   40   45   49
   53   58   62   66   70   72   73   74   74   74   75   75   75   75   74   73
   73   72   72   72   73   73   73   73   72                                   
    55.0-180.0 180.0   5.0 450.0                            LAT/LON1/LON2/DLON/H
   75   74   72   70   68   64   59   52   45   39   34   31   29   29   29   30
   31   33   35   36   37   37   35   33   31   29   28   27   26   24   21   19
   18   18   18   18   18   18   18   19   22   26   31   36   41   45   49   53
   58   63   68   72   76   78   78   78   78   78   78   79   79   80   79   79
   78   77   77   77   77   77   77   76   75                                   
    52.5-180.0 180.0   5.0 450.0                            LAT/LON1/LON2/DLON/H
   78   77   75   74   72   68   63   56   48   40   33   29   26   25   24   24
   24   26   28   31   32   32   31   29   27   26   25   25   24   22   20   18
   18   20   22   24   25   26   26   28   30   34   39   43   48   51   55   59
   63   69   74   79   83   84   85   84   83   83   83   84   85   86   86   86
   85   84   83   82   82   81   81   80   78                                   
    50.0-180.0 180.0   5.0 450.0                            LAT/LON1/LON2/DLON/H
   82   80   78   78   77   74   69   62   53   44   36   30   27   24   22   21
   20   22   24   27   29   29   28   27   25   25   25   25   25   23   21   21
   22   25   28   32   34   35   36   37   39   43   47   52   55   58   61   65
   69   75   82   87   91   93   93   91   90   90   90   91   92   93   94   93
   92   90   89   87   87   86   85   84   82                                   
    47.5-180.0 180.0   5.0 450.0                            LAT/LON1/LON2/DLON/H
   86   84   83   82   82   81   77   70   60   50   42   35   31   28   24   21
   20   20   22   25   28   29   28   27   26   26   27   29   29   28   26   26
   28   32   37   41   43   44   44   45   47   50   55   59   63   65   68   71
   77   83   90   96  101  102  102  100   99   98   98   99  100  101  101  100
   98   96   94   92   91   90   89   88   86                                   
    45.0-180.0 180.0   5.0 450.0                            LAT/LON1/LON2/DLON/H
   91   89   87   87   88   88   85   79   69   59   50   44   38   34   30   25
   22   22   24   27   30   31   31   29   29   30   32   34   34   34   33   33
   36   40   44   48   50   50   49   50   51   55   60   66   70   73   75   79
   85   92   99  106  111  112  112  110  109  107  107  108  109  109  108  107
  104  101   99   97   95   95   94   93   91                                   
    42.5-180.0 180.0   5.0 450.0                            LAT/LON1/LON2/DLON/H
   96   94   92   92   93   94   92   87   78   69   60   53   48   43   37   32
   28   27   28   31   34   36   35   34   34   35   37   40   41   41   40   41
   43   46   50   53   53   52   51   51   53   58   64   71   76   80   83   87
   93  100  108  115  120  122  122  121  119  118  117  117  117  117  115  113
  110  107  103  101   99   99   99   98   96                                   
    40.0-180.0 180.0   5.0 450.0                            LAT/LON1/LON2/DLON/H
  103  100   97   96   97   98   97   92   85   77   69   63   57   52   46   40
   36   34   35   38   41   42   42   41   40   41   43   45   46   47   46   46
   48   50   53   54   53   51   50   50   53   59   67   75   81   86   90   95
  101  108  116  123  128  131  132  131  130  128  127  126  125  124  121  118
  115  112  109  106  104  104  104  104  103                                   
    37.5-180.0 180.0   5.0 450.0                            LAT/LON1/LON2/DLON/H
  110  107  103  100   99   99   98   95   89   83   76   70   65   60   55   49
   45   43   44   46   48   50   49   47   46   46   47   49   50   50   50   50
   50   52   53   52   50   48   47   48   52   59   68   78   86   92   97  102
  107  114  121  127  133  136  139  140  139  138  136  135  133  131  128  125
  122  119  116  113  110  110  111  111  110                                   
    35.0-180.0 180.0   5.0 450.0                            LAT/LON1/LON2/DLON/H
  119  115  109  104  100   98   96   93   89   85   80   75   71   66   61   57
   54   52   52   54   56   56   55   53   51   49   49   50   51   51   51   50
   51   51   50   49   46   44   43   45   50   59   69   80   90   97  103  107
  112  118  124  130  135  140  144  146  147  147  145  143  141  139  136  133
  131  129  126  122  120  119  119  120  119                                   
    32.5-180.0 180.0   5.0 450.0                            LAT/LON1/LON2/DLON/H
  131  126  118  110  103   97   93   90   87   84   81   77   73   69   66   63
   61   60   59   60   61   61   60   58   55   52   50   50   50   50   50   49
   49   48   47   45   42   41   41   44   50   59   70   82   93  101  106  110
  114  119  124  129  135  141  147  151  154  154  153  152  150  147  144  143
  142  141  139  136  132  131  131  132  131                                   
    30.0-180.0 180.0   5.0 450.0                            LAT/LON1/LON2/DLON/H
  145  140  130  119  108   99   92   87   84   82   80   76   73   70   68   67
   66   65   64   64   64   63   62   60   57   53   50   49   48   48   48   47
   47   45   44   41   39   39   40   44   50   59   70   82   94  102  108  111
  115  119  124  128  134  140  148  155  160  161  161  160  158  156  155  154
  155  157  156  153  148  146  146  147  145                                   
    27.5-180.0 180.0   5.0 450.0                            LAT/LON1/LON2/DLON/H
  163  157  146  133  119  105   95   87   84   82   79   76   72   69   68   68
   69   69   67   65   63   63   62   61   57   53   50   48   47   46   46   45
   44   42   41   39   38   38   40   45   51   59   70   81   93  101  107  111
  114  118  123  127  133  140  150  159  165  168  168  168  168  167  166  167
  170  173  174  171  167  164  163  164  163                                   
    25.0-180.0 180.0   5.0 450.0                            LAT/LON1/LON2/DLON/H
  182  176  166  151  134  118  103   93   88   84   81   76   71   68   67   69
   70   70   67   63   60   60   60   60   57   53   50   48   46   45   44   43
   41   40   39   37   36   37   40   44   50   57   67   79   90   99  104  108
  112  117  123  128  134  142  153  163  170  174  176  177  177  177  177  179
  184  190  193  191  186  183  182  183  182                                   
    22.5-180.0 180.0   5.0 450.0                            LAT/LON1/LON2/DLON/H
  201  196  186  172  155  136  119  106   97   92   87   80   73   68   67   69
   70   69   65   60   56   55   56   57   56   53   50   48   46   45   43   41
   39   38   37   36   35   36   39   42   47   54   63   74   86   95  101  106
  111  118  125  131  137  146  157  168  177  181  184  186  188  188  189  191
  198  205  209  208  204  201  201  202  201                                   
    20.0-180.0 180.0   5.0 450.0                            LAT/LON1/LON2/DLON/H
  218  214  206  194  178  158  139  124  112  104   96   87   78   71   69   69
   70   68   63   56   51   50   52   55   55   53   51   49   47   44   42   39
   37   36   35   34   33   33   35   38   42   49   58   69   81   91   98  104
  111  120  129  136  143  152  164  175  184  189  192  196  199  200  200  203
  209  217  223  223  220  217  217  219  218                                   
    17.5-180.0 180.0   5.0 450.0                            LAT/LON1/LON2/DLON/H
  232  229  223  213  199  182  162  145  131  119  109   98   86   78   73   72
   71   68   61   53   47   46   49   52   54   53   51   49   47   44   40   37
   35   34   33   31   30   29   30   32   36   43   52   64   77   88   95  102
  112  123  135  144  152  161  172  184  192  198  202  206  210  212  212  214
  220  228  233  234  231  229  230  232  232                                   
    15.0-180.0 180.0   5.0 450.0                            LAT/LON1/LON2/DLON/H
  240  238  234  227  217  202  184  166  149  135  122  109   96   86   79   76
   73   68   61   52   46   45   47   51   53   53   52   49   46   42   38   34
   32   31   30   28   26   24   24   26   30   37   48   61   75   86   94  103
  114  128  142  153  162  171  182  193  201  207  211  217  222  225  224  225
  230  236  241  242  239  238  239  240  240                                   
    12.5-180.0 180.0   5.0 450.0                            LAT/LON1/LON2/DLON/H
  244  242  239  235  229  217  201  183  165  149  134  120  107   95   87   81
   76   71   63   54   48   46   48   51   53   52   51   48   44   39   35   32
   30   29   28   26   22   19   19   20   25   33   45   59   74   86   95  104
  117  133  149  162  171  181  192  203  210  216  221  228  235  238  238  237
  240  245  248  247  245  244  244  245  244                                   
    10.0-180.0 180.0   5.0 450.0                            LAT/LON1/LON2/DLON/H
  245  242  239  237  234  225  212  194  175  157  141  128  115  104   94   86
   80   74   67   58   52   49   50   52   53   52   50   46   41   36   32   30
   29   28   27   24   20   17   16   17   22   31   44   60   75   87   97  106
  119  137  154  169  180  191  202  212  219  224  230  239  247  251  251  250
  250  253  254  252  249  247  248  247  245                                   
     7.5-180.0 180.0   5.0 450.0                            LAT/LON1/LON2/DLON/H
  245  240  236  235  233  228  216  200  180  161  144  131  121  110  100   91
   84   78   71   64   58   54   54   55   54   52   49   44   39   33   30   29
