gLAB/files/cme/01_09_2019/esrg2440.19i
     1.0            IONOSPHERE MAPS     GPS                 IONEX VERSION / TYPE
PAR2IONEX           ESA/ESOC            02-SEP-19 01:47     PGM / RUN BY / DATE 
ESOC'S GLOBAL IONOSPHERE MAPS FOR DAY 244, 2019             DESCRIPTION         
SH: SPHERICAL HARMONIC MODEL FROM 300 STATS; N = 15, M = 15 DESCRIPTION         
  2019     9     1     0     0     0                        EPOCH OF FIRST MAP  
  2019     9     2     0     0     0                        EPOCH OF LAST MAP   
  7200                                                      INTERVAL            
    13                                                      # OF MAPS IN FILE   
  NONE                                                      MAPPING FUNCTION    
    10.0                                                    ELEVATION CUTOFF    
One-way carrier phase leveled to code                       OBSERVABLES USED    
   300                                                      # OF STATIONS       
    53                                                      # OF SATELLITES     
  6371.0                                                    BASE RADIUS         
     2                                                      MAP DIMENSION       
   450.0 450.0   0.0                                        HGT1 / HGT2 / DHGT  
    87.5 -87.5  -2.5                                        LAT1 / LAT2 / DLAT  
  -180.0 180.0   5.0                                        LON1 / LON2 / DLON  
    -1                                                      EXPONENT            
TEC/RMS values in 0.1 TECU; 9999, if no value available     COMMENT             
                                                            END OF HEADER       
[from data line 5148]
    13                                                      START OF TEC MAP    
  2019     9     2     0     0     0                        EPOCH OF CURRENT MAP
    87.5-180.0 180.0   5.0 450.0                            LAT/LON1/LON2/DLON/H
   69   69   69   70   70   70   70   70   70   69   69   69   68   68   68   67
   66   66   65   64   64   63   62   61   60   59   59   58   57   57   56   55
   55   55   54   54   54   54   54   54   54   54   54   55   55   55   56   56
   57   57   58   58   59   60   60   61   61   62   62   63   64   64   65   65
   66   66   67   67   68   68   68   69   69                                   
    85.0-180.0 180.0   5.0 450.0                            LAT/LON1/LON2/DLON/H
   72   72   73   73   74   74   74   74   74   74   74   74   73   73   72   71
   70   69   68   66   65   63   61   59   57   56   54   52   50   49   48   47
   46   45   44   44   44   44   44   45   45   46   47   47   48   49   50   51
   52   53   54   55   56   57   57   58   59   60   61   62   62   63   64   65
   66   67   67   68   69   70   71   71   72                                   
    82.5-180.0 180.0   5.0 450.0                            LAT/LON1/LON2/DLON/H
   71   72   73   74   74   75   75   76   76   76   76   76   76   76   75   74
   73   72   70   68   66   63   61   58   55   52   49   46   44   42   40   38
   37   36   35   35   35   36   36   37   38   39   41   42   43   45   46   47
   48   49   51   52   52   53   54   55   56   57   57   58   59   60   61   62
   63   64   65   66   68   69   70   71   71                                   
    80.0-180.0 180.0   5.0 450.0                            LAT/LON1/LON2/DLON/H
   69   70   71   72   72   73   74   74   75   75   76   76   77   77   77   76
   75   74   72   70   68   64   61   57   53   49   46   42   39   36   33   32
   30   29   29   29   29   30   31   33   34   36   37   39   41   42   43   45
   46   47   48   48   49   50   50   51   51   52   53   53   54   55   56   57
   58   60   61   62   64   65   66   68   69                                   
    77.5-180.0 180.0   5.0 450.0                            LAT/LON1/LON2/DLON/H
   65   66   67   68   69   69   70   71   71   72   73   74   75   76   76   77
   76   76   74   72   69   66   62   57   53   48   44   40   36   33   30   28
   27   26   26   26   27   28   30   32   33   35   37   38   39   41   42   43
   43   44   45   45   46   46   46   47   47   47   47   48   48   49   50   51
   52   54   56   57   59   61   62   64   65                                   
    75.0-180.0 180.0   5.0 450.0                            LAT/LON1/LON2/DLON/H
   62   63   64   65   65   66   66   67   68   68   70   71   72   74   75   76
   76   76   75   73   70   66   62   57   53   48   44   40   36   33   31   29
   27   27   27   27   28   30   31   33   35   36   37   38   39   39   40   40
   41   41   42   42   42   43   43   43   43   43   43   43   43   44   44   46
   47   49   51   53   55   57   58   60   62                                   
    72.5-180.0 180.0   5.0 450.0                            LAT/LON1/LON2/DLON/H
   59   60   61   62   62   63   63   64   65   65   66   68   69   71   73   74
   75   75   75   73   70   66   61   57   52   48   44   41   38   36   34   32
   31   30   30   30   31   32   34   35   36   37   38   38   37   37   37   37
   37   37   38   39   39   40   40   40   40   40   40   39   40   40   41   42
   43   45   47   49   51   54   56   57   59                                   
    70.0-180.0 180.0   5.0 450.0                            LAT/LON1/LON2/DLON/H
   57   59   59   60   61   61   62   63   63   64   64   66   67   68   70   72
   73   74   73   71   68   64   59   55   51   48   45   43   41   40   38   36
   35   33   32   32   33   34   35   36   37   38   37   36   34   33   32   31
   32   32   34   35   37   38   38   39   39   39   39   39   39   39   40   41
   42   44   46   48   50   52   54   56   57                                   
    67.5-180.0 180.0   5.0 450.0                            LAT/LON1/LON2/DLON/H
   57   58   59   59   60   61   62   63   63   64   64   65   66   67   68   70
   71   71   70   68   65   60   56   52   48   46   45   44   44   43   42   40
   37   35   33   32   32   33   34   35   36   36   35   32   30   28   26   25
   26   28   30   32   35   37   38   40   40   41   41   41   41   42   42   43
   44   46   47   49   52   53   55   56   57                                   
    65.0-180.0 180.0   5.0 450.0                            LAT/LON1/LON2/DLON/H
   59   59   59   59   60   61   62   63   64   65   65   65   65   66   67   68
   68   69   67   65   61   56   51   47   44   43   43   44   45   45   43   40
   37   33   31   29   28   29   31   32   33   32   31   28   24   21   19   19
   20   23   27   31   35   38   40   42   43   44   45   46   46   47   47   48
   49   50   52   54   55   57   58   59   59                                   
    62.5-180.0 180.0   5.0 450.0                            LAT/LON1/LON2/DLON/H
   62   61   60   60   60   61   62   64   66   66   67   66   66   65   65   66
   66   66   64   61   57   51   46   41   39   39   40   42   43   43   41   38
   33   28   24   22   21   22   25   27   28   28   26   23   19   16   14   14
   16   20   25   31   35   39   42   45   47   49   50   52   53   53   54   55
   55   57   58   60   62   63   63   63   62                                   
    60.0-180.0 180.0   5.0 450.0                            LAT/LON1/LON2/DLON/H
   68   65   63   61   61   61   62   64   66   67   68   67   66   65   64   64
   64   63   62   59   54   47   41   36   34   33   35   37   39   38   36   31
   26   20   16   13   13   15   18   22   24   25   23   20   16   13   11   12
   15   20   26   32   37   42   45   48   51   54   56   58   60   61   61   62
   63   64   66   68   70   71   71   70   68                                   
    57.5-180.0 180.0   5.0 450.0                            LAT/LON1/LON2/DLON/H
   75   72   68   65   63   62   62   64   66   67   68   67   66   64   63   62
   62   61   60   57   51   45   38   33   30   29   30   32   33   32   29   24
   18   12    8    6    7   10   14   18   22   23   22   19   16   13   12   13
   16   22   28   34   39   44   48   51   55   58   62   64   67   68   69   69
   70   72   75   77   79   80   80   78   75                                   
    55.0-180.0 180.0   5.0 450.0                            LAT/LON1/LON2/DLON/H
   84   80   76   71   68   65   64   64   65   66   67   67   66   64   62   61
   60   60   59   56   51   45   38   31   27   26   26   26   26   25   21   16
   11    7    4    3    5    9   14   19   22   24   24   21   19   16   16   17
   21   26   31   37   42   46   50   54   58   63   67   70   73   74   75   75
   77   79   82   85   88   89   88   87   84                                   
    52.5-180.0 180.0   5.0 450.0                            LAT/LON1/LON2/DLON/H
   93   90   85   81   76   71   67   65   65   65   66   67   66   64   62   61
   60   59   58   56   52   46   39   33   28   25   24   23   22   20   16   12
    8    6    5    6    9   13   18   23   26   28   28   26   24   23   22   24
   27   31   36   40   45   48   52   57   62   67   72   75   78   79   79   80
   82   85   88   92   95   96   96   95   93                                   
    50.0-180.0 180.0   5.0 450.0                            LAT/LON1/LON2/DLON/H
  101   99   97   92   87   80   74   69   66   66   66   67   67   66   64   62
   60   59   59   57   54   50   43   37   32   28   25   23   21   19   16   13
   11   11   12   15   18   23   27   30   33   34   34   33   32   31   31   33
   35   38   41   44   47   50   54   59   65   71   77   81   83   83   83   84
   85   88   92   96   99  101  101  101  101                                   
    47.5-180.0 180.0   5.0 450.0                            LAT/LON1/LON2/DLON/H
  106  108  107  104   99   92   84   76   71   69   69   70   71   70   67   64
   62   61   60   60   58   55   50   44   38   33   30   27   24   22   20   19
   19   21   24   28   32   35   38   40   41   41   41   40   40   40   41   42
   44   45   46   47   49   53   57   63   70   77   82   86   88   88   87   87
   88   91   95   98  101  102  103  105  106                                   
    45.0-180.0 180.0   5.0 450.0                            LAT/LON1/LON2/DLON/H
  109  113  115  115  111  104   95   86   78   74   73   74   75   75   72   69
   65   63   62   63   62   61   57   53   47   42   38   35   32   30   29   29
   30   34   38   42   46   48   49   50   49   48   47   47   47   48   50   51
   51   51   50   51   52   56   62   69   76   83   89   92   94   93   91   90
   91   93   96   98  100  101  102  105  109                                   
    42.5-180.0 180.0   5.0 450.0                            LAT/LON1/LON2/DLON/H
  108  114  119  121  120  114  106   97   88   82   80   80   81   80   78   74
   70   67   66   66   67   67   66   63   58   53   48   45   42   41   40   41
   43   47   51   55   58   59   59   58   56   54   53   53   54   56   58   58
   58   56   54   54   56   60   67   75   83   91   96   99  100   99   96   94
   93   94   96   98   99   99  100  103  108                                   
    40.0-180.0 180.0   5.0 450.0                            LAT/LON1/LON2/DLON/H
  106  113  119  123  123  121  115  107   99   92   88   86   86   85   83   78
   74   71   70   71   73   75   75   73   70   65   60   56   54   53   53   53
   55   58   61   64   65   66   65   63   61   59   57   57   59   61   63   64
   63   60   57   57   60   66   74   83   91   98  103  106  106  105  102   99
   97   97   98   98   98   98   98  101  106                                   
    37.5-180.0 180.0   5.0 450.0                            LAT/LON1/LON2/DLON/H
  105  110  115  119  122  124  122  117  110  101   95   92   90   89   86   82
   79   76   75   76   78   82   84   83   80   76   71   68   65   64   64   64
   65   66   67   68   68   68   67   66   64   62   61   61   62   65   67   67
   66   62   60   60   64   72   81   91   99  105  109  112  113  112  109  105
  101  100  100  101  100   99   99  101  105                                   
    35.0-180.0 180.0   5.0 450.0                            LAT/LON1/LON2/DLON/H
  108  110  111  114  118  123  127  126  121  112  103   97   93   90   87   85
   83   81   80   81   84   88   92   93   90   85   81   77   74   73   72   71
   70   69   69   68   68   67   67   66   66   65   64   64   65   67   69   69
   67   64   61   62   68   77   87   97  105  110  114  116  118  118  115  111
  106  104  104  106  106  106  105  106  108                                   
    32.5-180.0 180.0   5.0 450.0                            LAT/LON1/LON2/DLON/H
  115  113  110  109  113  122  132  136  133  123  111  102   95   90   88   86
   86   86   86   86   90   95   99  100   98   93   87   83   80   78   77   75
   73   70   68   66   65   65   65   66   67   68   67   66   67   68   70   69
   67   64   62   64   70   81   92  102  109  113  116  119  122  124  122  117
  112  109  110  113  115  116  116  116  115                                   
    30.0-180.0 180.0   5.0 450.0                            LAT/LON1/LON2/DLON/H
  128  123  114  109  112  124  139  148  147  136  121  108   98   92   89   88
   90   91   91   92   95  100  104  106  103   97   91   86   82   80   78   76
   74   71   68   65   63   63   64   66   69   70   70   69   68   68   69   68
   66   63   61   63   71   82   94  104  110  114  117  121  126  129  128  123
  117  115  117  121  126  129  131  131  128                                   
    27.5-180.0 180.0   5.0 450.0                            LAT/LON1/LON2/DLON/H
  147  139  126  117  119  133  152  165  165  153  135  119  106   98   94   93
   95   97   98   98  100  104  109  110  106  100   92   86   81   78   76   75
   74   72   69   66   63   63   64   67   70   72   72   70   68   67   67   66
   64   61   59   61   69   80   92  103  109  113  116  121  128  133  133  129
  123  121  124  131  138  143  147  149  147                                   
    25.0-180.0 180.0   5.0 450.0                            LAT/LON1/LON2/DLON/H
  168  160  146  134  134  150  172  188  188  175  155  136  121  111  105  103
  105  106  106  104  105  108  112  112  108  100   92   84   78   74   73   74
   75   75   73   69   67   65   66   68   71   73   73   70   67   65   64   63
   61   58   56   58   64   75   88  100  107  111  115  122  130  137  139  135
  130  128  132  140  148  156  162  167  168                                   
    22.5-180.0 180.0   5.0 450.0                            LAT/LON1/LON2/DLON/H
  188  184  171  159  158  175  199  216  216  201  179  160  145  133  125  121
  119  119  116  112  110  112  114  113  108   99   90   82   75   70   70   73
   77   79   79   75   71   69   68   70   72   74   73   69   65   62   61   60
   58   55   52   53   58   68   82   95  104  110  115  123  133  142  145  143
  138  136  140  148  156  164  173  183  188                                   
    20.0-180.0 180.0   5.0 450.0                            LAT/LON1/LON2/DLON/H
  206  209  200  189  188  205  230  247  246  230  209  191  177  165  154  145
  140  135  129  121  117  116  116  114  107   98   89   80   72   67   67   72
   79   84   85   81   76   72   70   71   72   73   71   67   62   59   57   57
   55   52   48   47   50   60   74   89  101  109  116  125  136  147  152  151
  148  147  150  156  163  170  180  194  206                                   
    17.5-180.0 180.0   5.0 450.0                            LAT/LON1/LON2/DLON/H
  220  230  227  219  220  236  261  277  275  259  239  225  215  204  190  177
  166  156  145  134  126  122  120  115  107   98   89   80   71   65   65   72
   81   88   89   85   79   74   71   71   71   71   68   63   58   54   53   53
   52   48   44   40   42   51   66   84   99  109  118  128  141  153  160  161
  160  159  162  166  168  173  183  201  220                                   
    15.0-180.0 180.0   5.0 450.0                            LAT/LON1/LON2/DLON/H
  230  248  251  247  248  264  287  302  299  283  267  259  254  245  230  212
  195  180  164  149  138  131  125  118  108   98   90   81   72   65   65   71
   81   89   90   85   79   73   70   69   69   68   65   59   54   50   49   49
   48   44   39   34   34   43   59   79   97  110  120  132  145  158  167  171
  172  173  175  176  175  176  185  205  230                                   
    12.5-180.0 180.0   5.0 450.0                            LAT/LON1/LON2/DLON/H
  237  261  270  268  269  282  303  317  314  300  289  287  288  283  267  246
  224  204  185  167  152  141  132  122  110  100   92   84   75   67   65   71
   80   87   87   81   74   69   67   66   66   65   61   55   49   46   44   44
   44   40   35   29   28   36   53   75   95  111  123  135  149  162  173  179
  183  187  189  189  184  181  188  209  237                                   
    10.0-180.0 180.0   5.0 450.0                            LAT/LON1/LON2/DLON/H
  244  271  282  281  280  290  308  321  319  307  301  306  314  313  298  274
  250  227  206  186  168  154  141  127  113  103   95   88   79   70   67   70
   78   83   81   75   68   63   62   63   63   61   57   51   46   42   40   40
   39   36   30   25   23   31   49   72   93  111  124  137  151  164  175  184
  192  198  203  202  196  191  195  214  244                                   
     7.5-180.0 180.0   5.0 450.0                            LAT/LON1/LON2/DLON/H
  251  278  290  287  282  288  303  314  314  306  304  314  327  331  318  294
  269  247  225  204  185  167  151  133  117  105   99   93   84   74   69   70
