gLAB/files/cme/01_09_2019/esrg2440.19i
     1.0            IONOSPHERE MAPS     GPS                 IONEX VERSION / TYPE
PAR2IONEX           ESA/ESOC            02-SEP-19 01:47     PGM / RUN BY / DATE 
ESOC'S GLOBAL IONOSPHERE MAPS FOR DAY 244, 2019             DESCRIPTION         
SH: SPHERICAL HARMONIC MODEL FROM 300 STATS; N = 15, M = 15 DESCRIPTION         
  2019     9     1     0     0     0                        EPOCH OF FIRST MAP  
  2019     9     2     0     0     0                        EPOCH OF LAST MAP   
  7200                                                      INTERVAL            
    13                                                      # OF MAPS IN FILE   
  NONE                                                      MAPPING FUNCTION    
    10.0                                                    ELEVATION CUTOFF    
One-way carrier phase leveled to code                       OBSERVABLES USED    
   300                                                      # OF STATIONS       
    53                                                      # OF SATELLITES     
  6371.0                                                    BASE RADIUS         
     2                                                      MAP DIMENSION       
   450.0 450.0   0.0                                        HGT1 / HGT2 / DHGT  
    87.5 -87.5  -2.5                                        LAT1 / LAT2 / DLAT  
  -180.0 180.0   5.0                                        LON1 / LON2 / DLON  
    -1                                                      EXPONENT            
TEC/RMS values in 0.1 TECU; 9999, if no value available     COMMENT             
                                                            END OF HEADER       
[from data line 3861]
    10                                                      START OF TEC MAP    
  2019     9     1    18     0     0                        EPOCH OF CURRENT MAP
    87.5-180.0 180.0   5.0 450.0                            LAT/LON1/LON2/DLON/H
   45   45   46   46   46   47   47   47   48   48   48   49   49   49   49   49
   49   49   49   49   49   49   49   49   48   48   48   48   47   47   47   47
   46   46   46   46   46   46   45   45   45   45   45   45   45   45   45   45
   45   44   44   44   44   44   44   44   44   44   44   44   44   44   44   44
   44   44   44   44   44   44   45   45   45                                   
    85.0-180.0 180.0   5.0 450.0                            LAT/LON1/LON2/DLON/H
   46   46   47   48   49   50   51   52   53   53   54   55   55   56   56   56
   57   56   56   56   56   55   55   54   53   53   52   51   51   50   49   49
   49   48   48   48   47   47   47   47   47   47   47   47   47   47   47   47
   47   47   47   46   46   46   46   45   45   45   44   44   44   44   43   43
   43   43   43   43   44   44   44   45   46                                   
    82.5-180.0 180.0   5.0 450.0                            LAT/LON1/LON2/DLON/H
   46   47   49   50   52   53   55   56   58   59   61   62   63   64   64   65
   65   65   65   64   63   62   61   60   59   57   56   55   54   53   52   52
   51   51   50   50   50   50   50   50   50   50   50   50   50   50   50   50
   50   50   50   50   49   49   49   48   47   47   46   45   45   44   44   43
   43   43   43   43   43   44   44   45   46                                   
    80.0-180.0 180.0   5.0 450.0                            LAT/LON1/LON2/DLON/H
   47   48   50   52   54   56   58   60   63   65   67   68   70   71   72   73
   73   73   72   71   70   69   67   66   64   62   60   59   57   56   55   54
   54   53   53   53   53   53   53   53   53   52   52   52   52   52   52   52
   52   52   52   52   52   51   51   50   49   48   47   46   45   45   44   43
   43   42   42   42   43   43   44   46   47                                   
    77.5-180.0 180.0   5.0 450.0                            LAT/LON1/LON2/DLON/H
   47   49   51   53   55   58   60   63   65   68   70   72   74   76   77   78
   78   78   78   77   75   74   72   70   68   65   63   61   60   58   57   56
   56   56   55   55   55   55   55   54   54   54   53   53   52   52   52   52
   52   52   52   52   52   51   51   50   49   48   47   46   45   44   43   42
   42   41   41   42   42   43   44   46   47                                   
    75.0-180.0 180.0   5.0 450.0                            LAT/LON1/LON2/DLON/H
   47   49   51   53   56   58   60   63   65   68   70   73   75   77   79   80
   80   80   80   79   78   76   74   72   70   68   65   63   61   60   59   58
   57   57   57   57   57   56   55   54   53   52   51   50   49   48   47   47
   47   47   48   48   48   48   48   47   46   45   44   43   42   41   41   40
   40   40   40   41   42   43   44   46   47                                   
    72.5-180.0 180.0   5.0 450.0                            LAT/LON1/LON2/DLON/H
   47   49   51   53   55   57   59   61   63   65   68   70   73   75   77   78
   79   80   80   79   78   77   75   73   71   69   66   64   62   60   59   58
   58   57   57   57   56   55   54   52   50   48   46   44   42   40   40   39
   39   40   40   41   41   41   41   41   41   40   39   38   38   37   37   37
   37   38   38   39   40   42   44   45   47                                   
    70.0-180.0 180.0   5.0 450.0                            LAT/LON1/LON2/DLON/H
   46   48   50   52   53   54   56   57   59   61   63   66   68   71   73   75
   76   77   77   77   77   77   76   74   72   70   67   65   62   60   59   57
   57   56   56   55   54   53   50   48   45   41   38   35   33   31   30   30
   30   30   31   32   33   34   34   34   34   33   33   32   32   32   33   33
   34   35   36   37   39   41   42   44   46                                   
    67.5-180.0 180.0   5.0 450.0                            LAT/LON1/LON2/DLON/H
   45   47   48   50   51   52   53   53   55   56   58   60   63   66   68   70
   72   73   74   75   76   76   76   75   73   71   68   65   62   59   57   56
   55   54   53   52   51   48   46   42   38   34   30   27   24   22   21   21
   21   22   23   24   26   26   27   27   27   27   27   27   27   28   28   30
   31   32   33   35   37   38   41   43   45                                   
    65.0-180.0 180.0   5.0 450.0                            LAT/LON1/LON2/DLON/H
   43   45   47   48   49   49   50   50   51   52   53   56   58   61   64   66
   68   70   72   73   75   76   76   76   75   72   69   66   62   59   56   54
   53   52   51   49   47   44   41   36   32   28   24   21   18   17   16   16
   16   17   18   20   21   22   22   22   22   22   22   23   23   24   26   27
   28   30   31   32   34   36   38   40   43                                   
    62.5-180.0 180.0   5.0 450.0                            LAT/LON1/LON2/DLON/H
   40   42   44   46   47   47   48   48   48   49   50   52   55   58   61   64
   66   68   71   73   75   77   78   78   76   74   70   66   62   59   56   54
   52   50   49   47   44   40   37   32   28   25   21   19   17   16   16   16
   16   17   18   19   20   21   21   21   21   21   21   21   22   23   25   26
   27   28   29   30   31   33   35   37   40                                   
    60.0-180.0 180.0   5.0 450.0                            LAT/LON1/LON2/DLON/H
   37   40   42   44   46   46   47   47   47   47   49   51   54   57   60   63
   66   68   71   73   76   78   79   79   78   75   71   67   63   60   57   54
   53   51   49   46   43   39   35   31   28   25   23   22   22   22   22   22
   23   23   23   24   24   25   25   24   24   23   23   23   24   25   26   27
   28   28   28   28   29   30   32   34   37                                   
    57.5-180.0 180.0   5.0 450.0                            LAT/LON1/LON2/DLON/H
   35   38   41   43   45   47   47   47   47   48   49   51   54   57   60   63
   66   69   72   74   77   79   80   80   78   75   72   68   64   61   59   57
   55   53   51   48   44   40   37   34   32   30   30   31   31   33   33   34
   34   33   33   33   32   32   31   31   30   29   28   28   28   29   29   30
   30   29   28   28   27   28   29   32   35                                   
    55.0-180.0 180.0   5.0 450.0                            LAT/LON1/LON2/DLON/H
   34   37   40   44   46   48   49   50   50   50   51   53   55   58   62   65
   67   70   73   75   77   79   80   79   77   74   71   68   66   64   63   62
   60   58   55   52   48   45   42   41   40   40   42   44   46   48   49   49
   48   46   45   43   42   41   40   39   38   37   36   35   35   34   34   34
   33   31   29   28   27   27   28   31   34                                   
    52.5-180.0 180.0   5.0 450.0                            LAT/LON1/LON2/DLON/H
   34   38   41   45   48   51   53   53   54   54   54   55   57   60   63   66
   69   71   73   75   77   78   78   77   75   73   71   69   69   69   68   68
   66   64   61   58   55   53   51   51   52   53   56   59   62   64   65   64
   62   60   57   55   53   52   50   49   47   46   44   43   42   41   39   38
   36   34   32   30   28   28   29   31   34                                   
    50.0-180.0 180.0   5.0 450.0                            LAT/LON1/LON2/DLON/H
   37   40   44   48   52   55   57   58   59   59   59   59   61   63   66   68
   70   72   74   75   76   76   75   73   72   71   70   71   72   74   75   75
   73   71   68   65   63   62   62   64   66   69   73   76   79   81   81   79
   76   72   68   65   63   61   60   58   57   55   53   51   49   47   45   43
   40   38   35   33   31   31   31   34   37                                   
    47.5-180.0 180.0   5.0 450.0                            LAT/LON1/LON2/DLON/H
   40   44   48   53   57   60   63   64   65   65   64   64   65   67   69   70
   72   74   75   75   75   74   72   70   70   70   71   74   77   80   81   81
   80   78   75   73   73   73   76   79   82   86   90   93   94   95   94   91
   87   82   78   74   72   70   68   67   65   63   60   58   55   53   50   47
   45   42   39   37   35   34   35   37   40                                   
    45.0-180.0 180.0   5.0 450.0                            LAT/LON1/LON2/DLON/H
   45   49   53   58   62   66   69   71   71   71   71   71   71   72   73   74
   75   76   76   76   75   73   71   69   69   71   74   78   82   85   87   87
   85   83   81   81   83   86   90   95   99  103  106  107  107  106  103   99
   94   89   84   81   78   77   75   73   72   69   67   64   61   58   55   52
   49   46   44   41   40   39   40   42   45                                   
    42.5-180.0 180.0   5.0 450.0                            LAT/LON1/LON2/DLON/H
   49   53   58   63   67   71   74   76   78   78   78   78   77   78   78   78
   79   79   79   78   76   74   71   71   72   75   79   84   88   91   92   91
   89   88   87   89   93   99  105  111  116  119  120  119  117  114  109  104
   98   93   89   86   84   82   81   79   77   75   72   69   66   62   59   56
   53   51   48   46   44   43   44   46   49                                   
    40.0-180.0 180.0   5.0 450.0                            LAT/LON1/LON2/DLON/H
   53   57   62   67   71   75   78   81   83   84   85   85   85   84   84   84
   84   84   83   82   79   77   75   75   77   81   86   90   94   95   95   94
   93   93   94   98  104  112  120  127  131  133  131  128  123  118  112  106
  100   95   92   89   88   86   85   83   81   79   76   74   70   66   63   60
   57   55   53   51   49   47   47   49   53                                   
    37.5-180.0 180.0   5.0 450.0                            LAT/LON1/LON2/DLON/H
   55   60   65   70   74   78   80   83   86   89   90   91   92   91   90   90
   89   89   88   87   84   82   81   81   84   88   93   96   98   99   98   97
   97   99  102  109  117  126  134  140  143  143  139  133  126  119  112  106
  100   96   93   92   91   90   88   86   83   81   80   77   74   70   66   63
   61   59   57   55   52   50   50   51   55                                   
    35.0-180.0 180.0   5.0 450.0                            LAT/LON1/LON2/DLON/H
   56   62   68   73   76   79   81   84   88   91   94   96   97   97   96   96
   95   94   94   92   90   88   87   89   92   96   99  100  101  101  101  102
  104  108  114  122  131  140  147  151  152  149  143  135  126  117  110  104
   99   96   94   93   93   92   89   87   84   83   81   79   76   73   69   67
   65   63   61   58   55   52   51   52   56                                   
    32.5-180.0 180.0   5.0 450.0                            LAT/LON1/LON2/DLON/H
   57   63   70   75   77   79   80   83   87   92   96   99  101  102  101  101
  100  100   99   98   96   94   95   97  100  103  104  103  103  103  105  109
  114  121  129  137  146  153  157  158  156  150  142  132  122  113  106  101
   97   94   93   93   93   92   89   86   84   82   81   80   78   74   71   69
   67   66   63   60   57   54   52   53   57                                   
    30.0-180.0 180.0   5.0 450.0                            LAT/LON1/LON2/DLON/H
   58   65   72   77   79   79   80   82   86   91   96  100  103  105  105  105
  105  105  105  104  102  101  102  104  107  108  107  105  105  107  112  120
  128  138  147  155  161  165  165  161  155  147  137  126  116  108  102   97
   94   92   91   91   91   90   87   84   82   80   80   79   77   75   72   70
   68   67   65   62   58   55   53   54   58                                   
    27.5-180.0 180.0   5.0 450.0                            LAT/LON1/LON2/DLON/H
   60   68   75   80   81   80   80   82   86   91   96  100  104  107  108  109
  111  111  112  111  109  108  109  112  114  114  111  108  109  115  124  135
  147  158  168  174  176  174  169  161  150  139  128  117  108  101   96   93
   90   88   87   87   87   86   83   80   78   77   77   77   75   73   71   70
   68   67   64   62   58   55   54   55   60                                   
    25.0-180.0 180.0   5.0 450.0                            LAT/LON1/LON2/DLON/H
   62   71   79   84   84   83   82   83   87   91   96  101  105  109  112  115
  117  119  120  120  118  117  119  122  123  121  117  115  117  127  140  156
  170  181  189  192  189  182  171  157  143  130  118  108  100   94   91   88
   86   84   83   82   82   81   78   75   72   72   72   72   71   70   69   68
   67   65   63   60   58   55   54   56   62                                   
    22.5-180.0 180.0   5.0 450.0                            LAT/LON1/LON2/DLON/H
   64   74   83   89   89   87   86   87   90   94   98  102  107  113  118  123
  127  130  133  133  131  131  132  135  136  133  128  126  131  144  162  180
  194  204  208  207  200  187  171  153  135  120  108   99   93   89   86   85
   82   80   78   76   76   75   72   69   66   65   66   66   66   66   65   65
   63   62   59   57   56   54   54   57   64                                   
    20.0-180.0 180.0   5.0 450.0                            LAT/LON1/LON2/DLON/H
   66   77   88   94   95   94   93   94   96   99  102  107  112  120  127  133
  139  145  149  151  150  150  151  154  154  151  145  144  152  168  188  206
  218  224  225  219  208  191  171  150  130  113  101   93   88   85   84   82
   79   76   73   71   70   69   66   62   60   59   59   60   60   60   60   60
   59   57   55   53   52   52   53   57   66                                   
    17.5-180.0 180.0   5.0 450.0                            LAT/LON1/LON2/DLON/H
   66   79   91   98  101  101  101  102  105  107  109  114  120  129  138  147
  155  163  170  174  174  174  175  178  178  175  170  170  179  196  216  231
  240  241  237  228  214  195  173  150  128  111   99   92   87   85   83   81
   77   73   69   66   65   63   60   57   54   53   53   53   54   54   55   55
   54   52   49   48   48   48   50   55   66                                   
    15.0-180.0 180.0   5.0 450.0                            LAT/LON1/LON2/DLON/H
   63   78   92  102  106  107  109  112  114  116  118  123  130  141  151  162
  172  184  194  200  202  202  204  207  207  204  199  200  209  226  243  254
  257  254  246  234  219  200  177  154  132  115  102   94   90   87   84   81
   76   71   66   62   61   59   56   52   49   48   48   48   48   48   50   50
   49   46   44   43   43   43   46   52   63                                   
    12.5-180.0 180.0   5.0 450.0                            LAT/LON1/LON2/DLON/H
   59   76   92  103  110  113  117  121  124  126  128  133  142  153  164  176
  189  203  217  227  231  232  234  237  238  235  231  231  240  254  268  273
  271  262  251  238  224  206  185  162  141  122  109  100   95   90   86   81
   75   69   63   60   58   56   53   49   45   44   43   43   42   43   45   45
   44   41   38   37   37   38   40   47   59                                   
    10.0-180.0 180.0   5.0 450.0                            LAT/LON1/LON2/DLON/H
   55   72   90  103  112  118  123  129  133  136  138  143  152  164  176  188
  202  219  237  250  257  259  261  264  266  263  259  259  267  278  287  287
  279  266  253  241  228  213  194  173  151  133  118  108  100   94   88   81
   74   67   61   58   56   54   50   46   42   41   40   39   38   39   40   41
   40   37   34   33   33   33   35   42   55                                   
     7.5-180.0 180.0   5.0 450.0                            LAT/LON1/LON2/DLON/H
   50   69   88  103  113  121  129  136  141  144  147  153  162  174  185  196
  211  230  252  268  277  280  282  285  287  285  282  281  287  295  300  295
