gLAB/files/cme/01_09_2019/esrg2440.19i
     1.0            IONOSPHERE MAPS     GPS                 IONEX VERSION / TYPE
PAR2IONEX           ESA/ESOC            02-SEP-19 01:47     PGM / RUN BY / DATE 
ESOC'S GLOBAL IONOSPHERE MAPS FOR DAY 244, 2019             DESCRIPTION         
SH: SPHERICAL HARMONIC MODEL FROM 300 STATS; N = 15, M = 15 DESCRIPTION         
  2019     9     1     0     0     0                        EPOCH OF FIRST MAP  
  2019     9     2     0     0     0                        EPOCH OF LAST MAP   
  7200                                                      INTERVAL            
    13                                                      # OF MAPS IN FILE   
  NONE                                                      MAPPING FUNCTION    
    10.0                                                    ELEVATION CUTOFF    
One-way carrier phase leveled to code                       OBSERVABLES USED    
   300                                                      # OF STATIONS       
    53                                                      # OF SATELLITES     
  6371.0                                                    BASE RADIUS         
     2                                                      MAP DIMENSION       
   450.0 450.0   0.0                                        HGT1 / HGT2 / DHGT  
    87.5 -87.5  -2.5                                        LAT1 / LAT2 / DLAT  
  -180.0 180.0   5.0                                        LON1 / LON2 / DLON  
    -1                                                      EXPONENT            
TEC/RMS values in 0.1 TECU; 9999, if no value available     COMMENT             
                                                            END OF HEADER       
[from data line 4719]
    12                                                      START OF TEC MAP    
  2019     9     1    22     0     0                        EPOCH OF CURRENT MAP
    87.5-180.0 180.0   5.0 450.0                            LAT/LON1/LON2/DLON/H
   51   51   52   52   52   52   53   53   53   53   52   52   52   51   51   50
   50   49   48   48   47   46   45   44   43   42   42   41   40   39   38   38
   37   36   36   35   35   35   35   34   34   34   34   35   35   35   36   36
   36   37   37   38   38   39   40   40   41   42   42   43   44   44   45   46
   46   47   48   48   49   49   50   50   51                                   
    85.0-180.0 180.0   5.0 450.0                            LAT/LON1/LON2/DLON/H
   58   58   59   60   61   61   62   62   62   62   62   62   61   61   60   59
   58   57   56   54   53   51   49   47   45   44   42   40   38   37   35   34
   32   31   30   30   29   29   29   28   29   29   29   30   30   31   32   32
   33   34   35   36   37   38   39   40   41   42   43   44   45   46   47   48
   49   50   51   52   54   55   56   57   58                                   
    82.5-180.0 180.0   5.0 450.0                            LAT/LON1/LON2/DLON/H
   61   63   64   65   66   67   68   69   69   70   70   70   70   69   68   68
   66   65   63   61   59   57   55   52   49   46   44   41   38   36   34   32
   30   29   28   27   26   26   26   26   26   27   27   28   29   30   31   32
   33   34   35   36   37   38   39   40   41   42   43   44   46   47   48   49
   50   52   53   54   56   57   59   60   61                                   
    80.0-180.0 180.0   5.0 450.0                            LAT/LON1/LON2/DLON/H
   62   64   66   67   69   70   72   73   73   74   75   75   75   75   74   74
   73   72   70   68   66   63   60   57   54   50   47   44   41   38   35   33
   31   30   28   28   27   27   27   27   27   28   29   30   31   32   33   34
   35   36   37   37   38   39   40   40   41   42   43   44   45   46   47   48
   50   51   52   54   55   57   58   60   62                                   
    77.5-180.0 180.0   5.0 450.0                            LAT/LON1/LON2/DLON/H
   60   62   64   66   68   70   72   73   74   75   76   76   76   77   77   76
   76   76   75   73   71   69   66   62   58   54   51   47   43   40   38   36
   34   33   32   31   30   30   30   30   30   31   31   32   33   34   35   36
   37   37   38   38   38   38   39   39   40   40   41   42   43   44   45   46
   47   48   49   51   52   54   56   58   60                                   
    75.0-180.0 180.0   5.0 450.0                            LAT/LON1/LON2/DLON/H
   55   58   61   63   65   68   69   71   72   73   73   74   75   75   76   76
   77   77   76   76   74   72   69   66   62   58   53   50   46   43   41   40
   38   37   36   36   35   34   33   33   32   33   33   34   35   36   37   37
   38   37   37   37   36   36   36   36   36   37   38   39   40   41   42   43
   44   45   45   46   48   49   51   53   55                                   
    72.5-180.0 180.0   5.0 450.0                            LAT/LON1/LON2/DLON/H
   50   53   56   59   61   64   66   67   68   69   70   70   71   72   72   73
   74   75   76   76   75   74   71   67   63   59   55   51   48   45   44   43
   42   42   41   40   38   37   35   33   32   32   32   33   34   35   36   36
   36   35   34   33   32   31   30   31   31   33   34   36   37   39   40   40
   41   41   42   42   43   44   46   48   50                                   
    70.0-180.0 180.0   5.0 450.0                            LAT/LON1/LON2/DLON/H
   46   49   52   55   58   60   62   64   65   65   66   66   67   68   68   70
   71   73   74   75   75   73   71   67   63   58   54   50   47   45   44   44
   45   44   43   42   39   36   33   31   29   28   28   28   30   31   32   33
   33   32   30   28   26   25   24   24   26   28   30   33   35   37   38   39
   39   39   39   39   40   41   42   44   46                                   
    67.5-180.0 180.0   5.0 450.0                            LAT/LON1/LON2/DLON/H
   44   46   49   52   55   57   59   61   62   63   63   63   64   65   65   67
   68   70   71   72   73   72   69   66   61   56   51   47   44   43   43   43
   44   44   43   40   37   33   28   25   22   20   20   22   24   26   28   29
   28   27   25   22   20   18   18   19   21   24   27   31   34   36   38   39
   39   39   39   39   39   39   40   42   44                                   
    65.0-180.0 180.0   5.0 450.0                            LAT/LON1/LON2/DLON/H
   44   46   48   51   54   56   58   59   60   61   61   62   63   63   64   65
   66   67   69   70   70   69   67   63   58   52   47   42   39   38   39   40
   41   41   39   36   31   26   21   16   13   12   13   15   18   21   23   25
   25   23   21   18   15   13   13   14   17   22   26   31   34   38   40   41
   41   42   41   41   41   41   41   42   44                                   
    62.5-180.0 180.0   5.0 450.0                            LAT/LON1/LON2/DLON/H
   46   48   50   52   55   56   57   58   59   60   61   62   63   64   65   65
   65   66   67   67   68   67   65   61   55   49   43   38   35   33   34   35
   36   35   33   29   24   18   13    9    6    6    7   10   14   17   21   22
   23   21   19   16   13   11   11   13   17   22   27   32   37   40   42   44
   45   46   46   46   45   45   45   45   46                                   
    60.0-180.0 180.0   5.0 450.0                            LAT/LON1/LON2/DLON/H
   52   53   55   56   58   58   59   59   59   60   61   62   64   65   66   66
   66   65   65   65   65   64   62   59   53   47   40   34   30   29   29   29
   30   29   26   22   17   12    7    4    3    4    6   10   14   18   21   23
   24   22   20   17   14   13   13   15   19   24   30   35   39   43   46   48
   50   51   52   52   52   51   51   51   52                                   
    57.5-180.0 180.0   5.0 450.0                            LAT/LON1/LON2/DLON/H
   59   60   61   62   63   63   62   60   60   60   61   62   64   66   67   67
   66   65   64   63   63   62   61   57   52   46   39   33   28   26   25   25
   25   23   21   17   13    9    6    5    6    8   11   15   19   23   26   27
   28   26   24   21   19   18   18   20   24   28   33   38   43   46   49   52
   55   57   58   59   59   59   58   58   59                                   
    55.0-180.0 180.0   5.0 450.0                            LAT/LON1/LON2/DLON/H
   67   68   70   70   70   69   67   64   62   61   61   62   64   66   68   68
   67   65   63   62   61   61   59   57   53   47   40   34   29   26   24   23
   22   21   18   16   13   11   11   12   14   17   21   25   28   31   33   34
   33   32   30   28   26   25   26   27   30   34   38   42   45   49   52   56
   59   62   64   66   66   66   66   66   67                                   
    52.5-180.0 180.0   5.0 450.0                            LAT/LON1/LON2/DLON/H
   75   77   79   79   79   77   73   70   66   63   62   62   64   65   67   67
   67   65   63   61   60   60   59   57   54   50   44   38   33   30   27   25
   24   22   20   19   18   18   20   23   27   31   34   37   39   41   41   41
   40   39   38   36   35   35   35   36   37   39   42   45   48   51   55   59
   64   67   70   72   72   72   72   73   75                                   
    50.0-180.0 180.0   5.0 450.0                            LAT/LON1/LON2/DLON/H
   82   85   87   88   88   86   82   77   73   69   66   64   64   65   66   66
   66   65   64   62   60   59   59   58   56   54   49   45   40   36   33   31
   29   28   27   26   27   29   32   37   41   45   48   50   51   50   50   48
   47   46   45   44   44   44   44   44   44   45   46   48   50   54   58   63
   68   73   76   77   78   78   78   79   82                                   
    47.5-180.0 180.0   5.0 450.0                            LAT/LON1/LON2/DLON/H
   87   91   94   96   96   94   91   87   82   77   73   69   66   65   65   66
   67   67   66   64   62   60   60   60   59   58   56   53   49   46   43   40
   38   37   37   37   39   42   45   50   54   57   59   60   60   58   56   54
   53   52   51   52   53   53   53   51   50   49   49   51   53   57   63   68
   74   78   81   82   82   82   82   84   87                                   
    45.0-180.0 180.0   5.0 450.0                            LAT/LON1/LON2/DLON/H
   91   95   98  100  101  101  100   97   94   89   83   76   71   68   67   67
   69   70   69   67   65   63   62   62   63   63   63   62   60   57   54   51
   49   49   49   50   51   54   57   60   63   65   66   66   65   63   61   59
   57   56   57   58   59   60   59   57   55   53   52   54   57   62   68   74
   80   85   87   87   86   85   86   88   91                                   
    42.5-180.0 180.0   5.0 450.0                            LAT/LON1/LON2/DLON/H
   94   97  100  102  103  105  106  107  105  101   95   87   79   74   71   71
   73   74   74   72   69   67   65   65   67   69   70   71   71   69   66   63
   61   61   61   61   62   64   65   66   68   68   68   68   67   66   64   62
   61   60   61   62   64   65   64   62   58   56   56   58   63   69   75   82
   88   91   93   93   91   89   89   90   94                                   
    40.0-180.0 180.0   5.0 450.0                            LAT/LON1/LON2/DLON/H
   95   98  100  101  103  105  109  113  115  113  107   99   90   82   78   77
   78   80   80   78   75   72   69   69   71   74   78   80   81   80   77   74
   72   71   71   71   71   70   70   69   68   68   67   67   67   66   66   65
   64   63   64   65   67   68   67   64   61   59   59   63   69   76   84   90
   95   99  100   99   96   93   92   92   95                                   
    37.5-180.0 180.0   5.0 450.0                            LAT/LON1/LON2/DLON/H
   96   98   99   99  100  104  109  116  120  121  117  110  102   93   87   84
   84   85   85   83   80   76   74   74   76   79   84   89   91   90   87   83
   80   78   77   76   75   74   72   69   67   65   64   64   65   66   67   67
   67   66   66   67   69   70   68   65   62   61   63   68   76   84   92   98
  103  106  107  105  102   98   95   95   96                                   
    35.0-180.0 180.0   5.0 450.0                            LAT/LON1/LON2/DLON/H
   98   98   98   98   98  102  108  115  121  123  123  119  112  104   97   92
   90   90   89   87   84   81   79   79   81   85   90   96   99   98   94   90
   86   82   80   78   77   75   72   70   67   64   63   63   64   66   69   70
   69   68   68   68   69   69   68   65   62   62   66   73   82   92   99  105
  109  112  113  112  108  104  100   98   98                                   
    32.5-180.0 180.0   5.0 450.0                            LAT/LON1/LON2/DLON/H
  101  101  101   99   99  101  106  112  117  121  123  124  121  115  108  101
   96   93   91   88   86   84   84   85   86   90   96  102  105  104   99   93
   88   83   80   77   76   75   73   71   68   65   63   63   64   67   70   72
   72   70   68   68   68   68   66   64   61   62   67   76   87   97  105  110
  113  116  118  118  115  110  104  101  101                                   
    30.0-180.0 180.0   5.0 450.0                            LAT/LON1/LON2/DLON/H
  105  106  106  105  104  105  107  110  112  115  120  125  128  126  119  110
  102   96   91   88   87   87   89   90   92   95  100  106  109  107  102   95
   88   82   77   74   74   74   75   75   72   69   67   65   66   69   72   73
   73   71   68   66   66   66   64   62   60   61   67   77   89  100  108  112
  115  118  121  123  121  116  110  106  105                                   
    27.5-180.0 180.0   5.0 450.0                            LAT/LON1/LON2/DLON/H
  111  113  115  115  115  114  114  112  109  110  116  127  136  138  132  121
  109  100   93   90   89   91   95   97   98  100  104  109  112  109  103   94
   86   79   74   71   71   74   78   80   78   75   71   69   69   70   72   74
   73   70   66   64   63   63   61   59   57   58   64   75   88  100  108  112
  116  119  124  127  127  122  115  111  111                                   
    25.0-180.0 180.0   5.0 450.0                            LAT/LON1/LON2/DLON/H
  118  122  126  129  129  128  125  119  112  109  116  131  146  153  148  134
  120  108  100   95   95   98  102  104  105  105  108  112  113  110  103   94
   85   77   70   67   69   75   81   85   85   81   76   72   70   71   72   73
   71   68   63   61   60   59   58   56   54   54   59   70   84   97  106  111
  115  120  126  131  132  127  120  116  118                                   
    22.5-180.0 180.0   5.0 450.0                            LAT/LON1/LON2/DLON/H
  125  131  138  143  146  146  143  133  121  115  122  141  162  172  167  153
  136  122  113  108  107  110  114  115  113  111  112  115  115  110  102   93
   84   76   68   65   67   75   84   89   88   84   78   73   71   71   71   71
   69   64   59   56   56   56   55   52   49   49   53   63   78   93  103  110
  114  120  128  135  137  133  126  123  125                                   
    20.0-180.0 180.0   5.0 450.0                            LAT/LON1/LON2/DLON/H
  133  140  149  155  161  165  164  154  139  131  137  159  183  196  192  176
  158  145  136  130  128  129  130  129  124  120  118  119  117  111  102   93
   85   76   68   64   67   75   84   90   89   83   77   72   69   69   69   68
   65   60   55   52   51   52   51   49   45   43   46   55   71   87  100  108
  114  121  131  140  143  140  133  130  133                                   
    17.5-180.0 180.0   5.0 450.0                            LAT/LON1/LON2/DLON/H
  142  149  157  165  173  182  185  178  164  155  161  184  211  225  221  204
  187  175  168  162  157  154  151  146  139  131  127  124  121  113  103   95
   87   79   71   65   66   74   83   87   85   79   72   68   66   66   66   64
   61   56   51   48   47   47   47   45   40   37   38   47   64   82   98  108
  115  124  135  145  150  147  142  139  142                                   
    15.0-180.0 180.0   5.0 450.0                            LAT/LON1/LON2/DLON/H
  152  157  163  170  181  195  205  204  193  184  191  215  242  256  251  235
  219  211  206  200  193  184  177  168  156  146  138  133  126  116  106   97
   90   83   74   67   67   73   80   83   79   72   65   62   62   62   63   61
   57   52   47   44   43   43   43   41   36   31   31   40   57   78   96  109
  118  128  140  151  157  157  153  150  152                                   
    12.5-180.0 180.0   5.0 450.0                            LAT/LON1/LON2/DLON/H
  164  167  169  174  185  203  221  228  222  216  222  245  272  285  279  263
  251  248  247  242  231  218  204  191  177  163  152  143  133  121  109  100
   94   88   79   71   68   72   76   77   72   64   58   56   57   59   59   57
   53   48   44   40   39   39   38   36   31   26   26   34   52   74   95  110
  121  132  145  157  165  166  165  163  164                                   
    10.0-180.0 180.0   5.0 450.0                            LAT/LON1/LON2/DLON/H
  178  177  175  176  187  209  233  247  248  244  250  271  296  307  300  286
  278  280  284  281  267  249  231  214  198  182  168  156  142  127  113  103
   98   92   84   75   71   71   73   72   65   57   51   50   52   55   56   54
   50   46   41   38   36   34   34   31   27   22   22   30   49   72   94  111
  124  136  149  162  171  176  177  177  178                                   
     7.5-180.0 180.0   5.0 450.0                            LAT/LON1/LON2/DLON/H
  192  189  184  181  190  213  242  262  268  266  270  288  310  320  313  301
  297  304  313  311  296  275  254  235  217  200  184  168  151  132  116  106
