gLAB/files/cme/01_09_2019/igsg2440.19i
     1.0            IONOSPHERE MAPS     MIX                 IONEX VERSION / TYPE
cmpcmb v1.2          GRL/UWM            24-sep-19 17:37     PGM / RUN BY / DATE 
ionex file containing IGS COMBINED Ionosphere maps          COMMENT             
global ionosphere maps for day 244, 2019                    DESCRIPTION         
IONEX file containing the COMBINED IGS TEC MAPS and DCBs    DESCRIPTION         
      IONEX files of the following IAACs were combined: cod DESCRIPTION         
                                                        esa DESCRIPTION         
                                                        jpl DESCRIPTION         
                                                        upc DESCRIPTION         
Contact address: Andrzej Krankowski                         DESCRIPTION
                 Geodynamics Research Laboratory            DESCRIPTION
                 University of Warmia and Mazury (GRL/UWM)  DESCRIPTION
                 Oczapowski St. 1                           DESCRIPTION
                 10-957-Olsztyn, POLAND                     DESCRIPTION
                 e-mail:  kand@uwm.edu.pl                   DESCRIPTION
                                                            DESCRIPTION         
  2019     9     1     0     0     0                        EPOCH OF FIRST MAP  
  2019     9     2     0     0     0                        EPOCH OF LAST MAP   
  7200                                                      INTERVAL            
    13                                                      # OF MAPS IN FILE   
  COSZ                                                      MAPPING FUNCTION    
     0.0                                                    ELEVATION CUTOFF    
combined TEC calculated as weighted mean of input TEC valuesOBSERVABLES USED    
   414                                                      # OF STATIONS       
    32                                                      # OF SATELLITES     
  6371.0                                                    BASE RADIUS         
     2                                                      MAP DIMENSION       
   450.0 450.0   0.0                                        HGT1 / HGT2 / DHGT  
    87.5 -87.5  -2.5                                        LAT1 / LAT2 / DLAT  
  -180.0 180.0   5.0                                        LON1 / LON2 / DLON  
    -1                                                      EXPONENT            
TEC values in 0.1 tec units;  9999, if no value available   COMMENT             
DCB values in nanoseconds, reference is Sum_of_SatDCBs = 0  COMMENT             
                                                            END OF HEADER       
[from data line 5148]
    13                                                      START OF TEC MAP    
  2019     9     2     0     0     0                        EPOCH OF CURRENT MAP
    87.5-180.0 180.0   5.0 450.0                            LAT/LON1/LON2/DLON/H
   60   60   60   60   61   60   61   61   61   61   60   60   60   60   59   59
   58   58   58   58   57   57   56   56   55   55   54   54   53   52   51   51
   51   51   50   49   49   49   49   49   49   49   49   49   49   49   49   49
   50   50   50   51   51   52   52   52   52   53   54   54   55   55   56   56
   57   57   57   59   59   59   59   60   60
    85.0-180.0 180.0   5.0 450.0                            LAT/LON1/LON2/DLON/H
   63   64   65   65   65   66   66   66   66   66   66   65   65   64   64   63
   62   61   61   60   59   58   58   57   55   54   52   51   50   50   49   48
   48   48   48   47   47   47   47   47   48   48   48   48   49   48   49   49
   49   49   49   50   50   51   51   52   52   52   53   54   54   56   57   58
   59   59   60   61   61   62   62   62   63
    82.5-180.0 180.0   5.0 450.0                            LAT/LON1/LON2/DLON/H
   65   66   67   68   69   68   69   69   68   68   68   68   67   67   66   65
   64   63   62   61   60   59   58   56   53   51   49   48   47   47   46   45
   45   45   44   44   44   44   45   45   46   46   47   48   49   50   51   51
   51   51   51   50   51   51   51   51   52   52   52   53   55   56   57   58
   58   59   59   60   61   61   63   64   65
    80.0-180.0 180.0   5.0 450.0                            LAT/LON1/LON2/DLON/H
   65   67   68   69   70   70   70   71   71   71   71   70   70   69   68   67
   66   65   64   62   60   59   58   53   53   52   50   48   46   45   44   43
   42   42   42   42   42   42   42   43   44   45   47   48   49   49   50   50
   51   51   51   51   50   50   51   51   51   51   51   51   53   54   54   55
   55   56   57   58   59   60   62   64   65
    77.5-180.0 180.0   5.0 450.0                            LAT/LON1/LON2/DLON/H
   65   66   68   69   70   71   72   72   72   72   72   73   73   71   70   69
   68   66   65   64   63   63   59   56   53   51   49   48   47   44   43   43
   42   42   42   41   42   42   42   43   44   45   46   48   48   50   50   50
   50   50   50   50   50   49   50   49   49   48   48   49   50   51   51   52
   53   54   55   56   58   59   62   63   65
    75.0-180.0 180.0   5.0 450.0                            LAT/LON1/LON2/DLON/H
   64   66   68   70   70   71   72   72   73   73   73   72   72   72   71   71
   70   68   68   68   66   64   62   58   56   53   50   49   47   46   44   42
   41   41   42   42   42   42   43   44   44   45   45   46   47   48   49   49
   49   49   49   49   49   49   49   48   47   46   47   48   48   49   49   50
   51   52   53   55   57   59   61   63   64
    72.5-180.0 180.0   5.0 450.0                            LAT/LON1/LON2/DLON/H
   64   65   67   68   70   70   71   72   72   72   72   72   73   73   73   73
   71   70   70   70   68   66   65   61   58   54   51   49   48   48   46   44
   42   40   41   41   41   42   43   44   43   44   44   44   44   46   46   47
   47   47   47   47   47   47   47   47   47   46   46   47   48   48   48   49
   50   52   53   55   57   59   61   62   64
    70.0-180.0 180.0   5.0 450.0                            LAT/LON1/LON2/DLON/H
   64   65   66   67   68   69   70   70   71   71   71   72   72   73   73   72
   71   71   71   70   69   67   66   61   58   56   52   50   48   48   46   44
   43   41   40   40   40   41   42   43   42   42   41   41   40   41   42   42
   42   43   44   44   45   45   46   46   47   47   47   47   49   48   49   49
   51   52   54   56   57   59   61   62   64
    67.5-180.0 180.0   5.0 450.0                            LAT/LON1/LON2/DLON/H
   63   65   66   66   68   69   69   70   70   70   71   71   71   71   71   71
   70   70   70   69   68   67   65   61   57   55   51   49   49   48   46   44
   43   41   40   39   39   39   39   40   39   39   38   37   36   36   36   36
   37   39   40   41   42   43   44   46   48   48   48   49   50   51   51   52
   53   54   55   57   58   60   61   63   63
    65.0-180.0 180.0   5.0 450.0                            LAT/LON1/LON2/DLON/H
   64   65   66   66   67   68   69   69   70   71   71   70   69   69   69   69
   69   69   68   67   66   63   60   56   53   52   49   48   49   48   46   43
   40   38   36   35   35   35   35   36   36   35   34   32   31   30   30   30
   30   33   36   39   40   41   43   46   48   50   51   52   53   54   54   55
   55   57   58   59   60   62   63   64   64
    62.5-180.0 180.0   5.0 450.0                            LAT/LON1/LON2/DLON/H
   65   66   66   67   68   68   69   70   71   72   71   70   69   68   67   67
   67   66   66   64   62   58   53   50   47   46   45   45   46   46   44   40
   37   33   31   30   29   29   30   32   32   31   30   28   27   26   25   25
   26   28   32   36   38   40   43   46   48   51   53   54   56   57   57   58
   58   59   60   62   63   63   65   65   65
    60.0-180.0 180.0   5.0 450.0                            LAT/LON1/LON2/DLON/H
   68   67   68   69   69   69   70   71   71   72   72   71   69   67   66   66
   66   65   63   61   58   52   47   44   41   40   40   41   42   41   40   37
   33   29   26   24   23   25   26   28   30   29   28   26   24   22   22   22
   24   26   29   32   35   38   42   45   49   52   55   57   58   59   60   60
   61   62   63   64   65   66   67   67   68
    57.5-180.0 180.0   5.0 450.0                            LAT/LON1/LON2/DLON/H
   71   71   72   72   72   71   71   72   72   73   72   72   70   68   66   65
   65   64   62   59   55   49   44   40   36   35   36   36   37   37   35   33
   28   24   21   20   20   21   22   25   28   28   28   25   22   21   21   22
   23   25   27   29   33   35   40   44   49   54   57   59   61   62   62   63
   64   65   66   67   68   69   70   71   71
    55.0-180.0 180.0   5.0 450.0                            LAT/LON1/LON2/DLON/H
   76   77   77   76   75   74   73   72   72   73   73   72   71   69   67   66
   65   63   61   58   53   47   42   38   34   32   33   33   33   33   31   29
   25   21   19   17   18   20   22   25   28   29   29   27   23   22   21   22
   23   25   27   29   32   35   40   46   51   55   59   62   63   65   65   65
   66   67   69   70   71   72   74   75   76
    52.5-180.0 180.0   5.0 450.0                            LAT/LON1/LON2/DLON/H
   82   83   83   81   79   77   75   73   73   72   73   72   72   70   68   66
   64   62   61   57   52   47   42   38   34   32   32   33   32   31   29   26
   24   20   19   19   21   24   27   30   33   33   32   31   28   26   25   26
   27   29   30   32   34   37   42   48   53   58   62   65   66   68   68   69
   70   71   73   75   75   76   78   80   82
    50.0-180.0 180.0   5.0 450.0                            LAT/LON1/LON2/DLON/H
   87   89   88   87   84   81   78   75   73   73   72   73   73   71   69   67
   64   62   60   57   53   50   45   40   37   35   34   34   33   32   30   28
   25   24   24   25   28   31   35   37   39   40   37   36   34   32   31   32
   33   35   36   36   38   41   45   52   57   61   65   68   69   70   71   72
   74   75   77   79   80   80   81   83   87
    47.5-180.0 180.0   5.0 450.0                            LAT/LON1/LON2/DLON/H
   90   93   93   92   89   86   82   78   75   74   73   73   73   72   71   68
   65   62   60   58   56   54   51   46   43   40   39   39   37   35   33   31
   31   30   32   34   37   41   43   46   47   46   43   41   40   38   38   39
   40   41   41   41   42   46   50   56   61   65   69   72   73   73   74   76
   78   80   81   82   83   83   84   86   90
    45.0-180.0 180.0   5.0 450.0                            LAT/LON1/LON2/DLON/H
   92   96   97   96   94   91   87   82   78   76   75   74   74   74   72   69
   66   63   62   61   61   60   60   55   51   49   48   46   44   41   39   38
   38   39   41   44   47   50   52   54   54   53   49   47   46   45   46   47
   47   47   46   46   48   51   55   61   67   71   74   77   78   78   78   80
   81   84   85   85   85   85   86   88   92
    42.5-180.0 180.0   5.0 450.0                            LAT/LON1/LON2/DLON/H
   94   97  100  100   99   97   93   88   83   80   78   77   77   77   75   72
   69   66   64   65   66   68   69   66   62   60   58   55   53   50   48   46
   46   48   51   54   56   58   60   60   60   57   55   53   53   53   54   55
   54   53   51   51   52   56   61   67   73   77   80   83   84   84   84   85
   86   88   88   88   88   87   87   90   94
    40.0-180.0 180.0   5.0 450.0                            LAT/LON1/LON2/DLON/H
   95   99  102  102  103  102   99   95   90   85   83   81   81   80   79   76
   73   69   68   70   73   76   77   77   74   71   67   64   61   58   56   55
   54   56   59   61   63   64   65   65   64   61   60   59   59   61   62   62
   60   57   54   54   56   61   67   73   79   83   86   89   90   91   91   91
   91   92   91   90   90   89   90   92   95
    37.5-180.0 180.0   5.0 450.0                            LAT/LON1/LON2/DLON/H
   98  101  104  105  106  106  105  102   97   92   89   86   85   85   83   80
   77   74   73   74   77   83   86   87   84   80   76   73   69   66   63   61
   61   63   65   66   67   67   68   68   67   65   65   64   64   65   65   66
   63   59   57   57   59   64   71   78   84   88   91   94   97   98   97   97
   95   94   93   93   93   92   93   95   98
    35.0-180.0 180.0   5.0 450.0                            LAT/LON1/LON2/DLON/H
  103  104  106  107  109  111  113  110  105  100   95   92   90   88   87   85
   82   81   80   80   82   87   92   95   92   88   83   79   75   71   67   66
   65   67   68   68   68   68   68   68   69   68   68   67   67   66   66   66
   64   59   56   56   59   66   74   82   88   92   96   99  102  104  104  102
   99   97   95   95   95   97   99  101  103
    32.5-180.0 180.0   5.0 450.0                            LAT/LON1/LON2/DLON/H
  111  110  111  113  115  118  120  119  114  109  104   99   96   93   91   89
   87   86   86   86   88   93   97   99   96   92   87   82   77   73   70   68
   68   69   69   69   68   67   67   68   69   70   69   68   67   67   66   65
   61   56   53   53   57   65   74   84   91   95  100  103  107  109  109  107
  103  100   98   98  100  103  106  109  111
    30.0-180.0 180.0   5.0 450.0                            LAT/LON1/LON2/DLON/H
  122  120  119  121  122  125  129  129  124  119  113  109  104   99   96   94
   92   91   90   91   93   97  100   99   96   93   88   83   78   73   71   70
   69   69   69   67   66   66   66   67   69   70   70   68   67   65   63   61
   57   52   49   48   52   61   72   83   92   97  102  106  110  113  112  111
  107  104  103  105  108  112  117  121  122
    27.5-180.0 180.0   5.0 450.0                            LAT/LON1/LON2/DLON/H
  137  134  129  130  133  136  139  142  138  133  127  121  114  109  103  100
   98   96   95   95   96   99  101   99   95   92   88   82   76   72   69   69
   69   68   67   64   64   63   64   65   67   68   68   66   64   62   59   56
   52   47   44   43   47   56   68   81   91   98  104  108  113  115  116  115
  111  109  109  112  116  122  129  136  137
    25.0-180.0 180.0   5.0 450.0                            LAT/LON1/LON2/DLON/H
  153  151  146  144  148  152  158  159  156  151  146  138  130  122  114  109
  105  103  101  100   99  100  101   99   96   92   87   81   74   70   67   67
   66   66   65   62   61   62   62   63   65   66   65   62   59   56   54   49
   46   41   37   37   41   50   64   77   89   97  104  110  115  120  121  120
  118  116  116  119  124  132  141  149  153
    22.5-180.0 180.0   5.0 450.0                            LAT/LON1/LON2/DLON/H
  167  167  164  162  165  171  179  181  179  176  172  162  153  141  130  121
  115  112  109  106  102  102  101  100   97   93   88   81   75   69   65   65
   65   64   62   61   60   60   60   60   61   61   60   57   53   49   46   42
   38   34   31   31   34   44   58   74   87   96  103  111  118  124  127  127
  125  125  125  126  131  142  151  160  167
    20.0-180.0 180.0   5.0 450.0                            LAT/LON1/LON2/DLON/H
  179  183  181  181  186  193  203  207  206  208  203  190  181  166  152  139
  130  125  119  114  108  106  105  104  100   96   90   83   76   69   65   63
   63   62   59   59   58   59   57   57   56   56   54   50   46   42   39   36
   33   29   27   26   29   38   53   70   86   97  105  112  120  126  131  135
  135  137  139  137  140  149  159  170  179
    17.5-180.0 180.0   5.0 450.0                            LAT/LON1/LON2/DLON/H
  188  195  198  201  207  216  226  233  238  238  233  228  216  198  181  163
  150  141  133  124  117  113  112  112  107  102   94   87   79   71   67   64
   63   61   58   56   56   56   54   53   52   50   48   45   40   36   33   31
   29   27   24   24   26   35   50   68   86   98  108  116  124  131  138  144
  149  153  155  150  149  155  165  177  188
    15.0-180.0 180.0   5.0 450.0                            LAT/LON1/LON2/DLON/H
  196  205  212  219  226  236  247  259  267  269  268  265  252  239  215  195
  175  160  149  138  129  124  122  122  119  111  102   93   84   75   70   67
   64   60   57   55   55   54   52   49   46   45   43   39   36   32   30   29
   27   26   24   23   25   33   49   69   87  100  111  121  129  139  148  157
  165  171  172  166  164  165  172  185  196
    12.5-180.0 180.0   5.0 450.0                            LAT/LON1/LON2/DLON/H
  206  217  226  235  243  253  263  274  285  292  295  296  289  276  251  227
  203  184  168  156  145  137  134  132  129  121  111  101   90   81   74   70
   66   62   57   54   53   52   49   45   42   40   39   36   32   30   28   28
   27   27   25   24   25   33   48   68   88  102  113  125  135  146  157  169
  180  188  188  185  179  177  182  194  206
    10.0-180.0 180.0   5.0 450.0                            LAT/LON1/LON2/DLON/H
  218  230  242  250  258  265  273  283  293  303  309  315  316  309  285  257
  228  210  190  176  164  154  147  143  137  128  116  106   95   85   78   73
   68   64   58   54   53   51   48   43   40   38   36   34   31   29   29   28
   28   27   26   24   24   32   46   66   87  102  115  127  139  150  163  176
  189  200  202  201  195  193  195  206  218
     7.5-180.0 180.0   5.0 450.0                            LAT/LON1/LON2/DLON/H
  232  244  254  263  269  274  279  284  294  305  311  320  328  325  309  279
  249  231  213  197  184  172  161  152  143  132  118  108   98   89   81   75
   71   65   59   55   53   50   47   43   39   37   36   34   32   30   30   30
   28   27   26   23   24   31   45   64   84  101  115  128  140  152  165  178
  191  204  211  212  210  210  210  218  232
     5.0-180.0 180.0   5.0 450.0                            LAT/LON1/LON2/DLON/H
  245  255  265  271  276  277  279  283  289  297  306  316  323  326  319  294
  263  244  229  215  203  189  173  159  144  131  119  109   99   90   83   77
   72   66   60   55   52   49   46   42   39   37   35   34   33   32   31   30
   28   27   26   24   23   31   44   63   82   98  112  125  138  150  162  173
  188  201  212  218  220  223  225  232  245
     2.5-180.0 180.0   5.0 450.0                            LAT/LON1/LON2/DLON/H
  254  264  272  277  278  276  274  276  279  286  293  300  307  311  311  297
  270  251  240  229  216  201  181  161  142  127  116  108   99   89   83   77
   72   66   60   54   51   48   45   42   39   37   35   34   34   33   32   31
   28   27   26   24   24   30   43   61   78   94  108  121  134  146  157  166
  179  193  206  217  223  228  235  243  254
