gLAB/files/cme/01_09_2019/igsg2440.19i
     1.0            IONOSPHERE MAPS     MIX                 IONEX VERSION / TYPE
cmpcmb v1.2          GRL/UWM            24-sep-19 17:37     PGM / RUN BY / DATE 
ionex file containing IGS COMBINED Ionosphere maps          COMMENT             
global ionosphere maps for day 244, 2019                    DESCRIPTION         
IONEX file containing the COMBINED IGS TEC MAPS and DCBs    DESCRIPTION         
      IONEX files of the following IAACs were combined: cod DESCRIPTION         
                                                        esa DESCRIPTION         
                                                        jpl DESCRIPTION         
                                                        upc DESCRIPTION         
Contact address: Andrzej Krankowski                         DESCRIPTION
                 Geodynamics Research Laboratory            DESCRIPTION
                 University of Warmia and Mazury (GRL/UWM)  DESCRIPTION
                 Oczapowski St. 1                           DESCRIPTION
                 10-957-Olsztyn, POLAND                     DESCRIPTION
                 e-mail:  kand@uwm.edu.pl                   DESCRIPTION
                                                            DESCRIPTION         
  2019     9     1     0     0     0                        EPOCH OF FIRST MAP  
  2019     9     2     0     0     0                        EPOCH OF LAST MAP   
  7200                                                      INTERVAL            
    13                                                      # OF MAPS IN FILE   
  COSZ                                                      MAPPING FUNCTION    
     0.0                                                    ELEVATION CUTOFF    
combined TEC calculated as weighted mean of input TEC valuesOBSERVABLES USED    
   414                                                      # OF STATIONS       
    32                                                      # OF SATELLITES     
  6371.0                                                    BASE RADIUS         
     2                                                      MAP DIMENSION       
   450.0 450.0   0.0                                        HGT1 / HGT2 / DHGT  
    87.5 -87.5  -2.5                                        LAT1 / LAT2 / DLAT  
  -180.0 180.0   5.0                                        LON1 / LON2 / DLON  
    -1                                                      EXPONENT            
TEC values in 0.1 tec units;  9999, if no value available   COMMENT             
DCB values in nanoseconds, reference is Sum_of_SatDCBs = 0  COMMENT             
                                                            END OF HEADER       
[from data line 3003]
     8                                                      START OF TEC MAP    
  2019     9     1    14     0     0                        EPOCH OF CURRENT MAP
    87.5-180.0 180.0   5.0 450.0                            LAT/LON1/LON2/DLON/H
   66   66   66   66   65   66   66   66   66   66   66   67   67   67   67   67
   67   67   68   68   68   68   68   69   69   69   69   70   70   70   70   70
   70   70   70   71   71   71   71   71   71   71   71   71   71   71   71   71
   71   71   70   70   70   70   70   70   70   69   69   69   69   69   68   68
   67   67   67   67   66   66   66   66   66
    85.0-180.0 180.0   5.0 450.0                            LAT/LON1/LON2/DLON/H
   63   62   62   62   62   62   62   63   63   63   64   64   65   65   65   66
   67   67   67   68   68   68   68   69   69   69   70   70   70   70   70   70
   70   70   70   71   71   71   71   71   72   72   72   72   72   72   72   72
   72   72   72   72   72   72   71   71   70   70   69   69   68   67   67   66
   66   65   64   64   63   63   63   63   63
    82.5-180.0 180.0   5.0 450.0                            LAT/LON1/LON2/DLON/H
   58   58   58   58   58   59   59   59   60   60   61   61   62   63   64   65
   66   67   67   68   68   68   69   69   70   70   70   70   70   69   69   69
   69   69   69   70   70   70   70   71   71   71   71   71   71   71   71   71
   71   71   71   71   71   72   71   71   71   70   69   68   67   66   65   64
   63   62   61   61   60   59   59   59   58
    80.0-180.0 180.0   5.0 450.0                            LAT/LON1/LON2/DLON/H
   55   55   55   56   56   56   57   57   58   59   60   61   62   63   64   65
   66   67   67   68   69   70   70   71   71   71   71   70   70   70   70   70
   69   69   68   69   68   69   69   68   69   69   68   68   68   68   68   68
   69   69   69   69   69   69   69   69   68   68   67   66   64   63   62   61
   60   58   57   57   56   56   55   55   55
    77.5-180.0 180.0   5.0 450.0                            LAT/LON1/LON2/DLON/H
   52   52   53   54   54   54   54   56   57   58   59   60   62   63   64   65
   67   68   69   70   70   71   72   72   72   71   71   71   71   71   71   71
   70   70   69   68   67   66   66   66   65   65   65   64   65   65   65   65
   65   65   65   65   65   65   65   65   65   64   63   62   61   60   59   58
   56   55   54   53   53   52   52   51   52
    75.0-180.0 180.0   5.0 450.0                            LAT/LON1/LON2/DLON/H
   48   50   51   52   52   53   54   55   56   57   58   60   61   62   63   64
   66   67   68   70   70   71   73   73   72   72   73   72   71   71   70   70
   70   70   68   67   65   64   63   63   62   61   60   60   60   59   60   60
   60   60   60   60   60   60   60   59   59   59   59   58   57   56   55   53
   52   51   50   49   49   48   48   48   48
    72.5-180.0 180.0   5.0 450.0                            LAT/LON1/LON2/DLON/H
   46   47   48   49   50   51   53   54   55   56   57   58   59   61   62   64
   65   66   69   70   70   71   73   74   73   73   73   72   73   72   71   70
   69   68   67   66   64   62   61   60   58   57   56   56   55   54   54   54
   54   53   54   54   54   54   54   53   54   53   53   52   51   50   49   48
   47   46   45   44   44   44   44   44   46
    70.0-180.0 180.0   5.0 450.0                            LAT/LON1/LON2/DLON/H
   43   44   45   46   47   50   51   52   53   54   55   57   58   59   61   63
   63   66   67   70   70   71   73   74   74   73   73   73   72   71   70   69
   68   66   65   64   62   61   59   57   56   55   54   53   52   51   51   50
   49   49   48   48   48   47   47   47   47   47   47   46   45   44   43   42
   40   40   39   39   39   40   40   42   43
    67.5-180.0 180.0   5.0 450.0                            LAT/LON1/LON2/DLON/H
   39   40   42   43   44   46   47   48   50   52   54   55   57   58   59   60
   63   64   66   68   69   71   73   74   74   73   73   73   72   70   69   68
   66   65   64   63   61   59   57   56   55   54   53   53   52   51   50   49
   48   47   45   44   43   43   42   42   41   41   41   41   40   40   38   37
   35   35   34   34   35   36   37   38   39
    65.0-180.0 180.0   5.0 450.0                            LAT/LON1/LON2/DLON/H
   35   36   37   38   39   40   42   44   46   48   51   53   54   56   57   59
   60   62   64   66   67   70   71   72   73   73   71   71   70   69   68   67
   66   64   63   62   60   58   57   56   55   55   54   55   54   54   53   52
   50   48   46   45   43   41   40   38   38   38   37   36   35   35   34   33
   32   31   31   31   31   33   34   34   35
    62.5-180.0 180.0   5.0 450.0                            LAT/LON1/LON2/DLON/H
   31   31   32   33   33   34   35   38   41   44   47   49   52   54   55   57
   58   60   61   63   65   67   68   70   71   71   70   69   68   67   67   66
   65   64   63   61   59   58   57   56   56   57   58   58   59   59   58   57
   56   54   51   49   45   43   41   39   38   36   35   33   32   32   31   31
   30   29   29   28   29   30   31   31   31
    60.0-180.0 180.0   5.0 450.0                            LAT/LON1/LON2/DLON/H
   28   28   27   27   26   27   28   31   35   39   42   46   49   51   53   55
   56   58   59   61   63   64   66   67   69   69   68   67   67   66   66   66
   65   64   63   61   60   59   58   59   59   60   62   63   64   65   65   64
   62   60   57   55   51   48   45   43   40   38   35   34   33   33   32   30
   29   28   28   28   28   28   28   28   28
    57.5-180.0 180.0   5.0 450.0                            LAT/LON1/LON2/DLON/H
   26   25   24   22   22   22   23   25   30   34   39   43   46   49   51   53
   54   56   57   59   60   62   64   65   67   67   66   66   66   66   66   66
   66   65   64   63   62   61   61   62   63   65   67   68   70   71   71   71
   70   67   64   61   57   54   50   48   45   42   40   37   37   36   35   34
   31   30   29   28   28   27   27   27   26
    55.0-180.0 180.0   5.0 450.0                            LAT/LON1/LON2/DLON/H
   27   25   24   21   20   19   20   22   25   30   35   39   43   46   49   51
   52   54   56   57   58   60   62   63   65   66   66   66   66   67   68   68
   69   68   66   65   64   64   64   65   67   70   72   75   76   77   77   77
   77   74   71   67   63   61   57   55   52   49   47   44   43   41   40   38
   35   33   31   30   29   29   28   28   27
    52.5-180.0 180.0   5.0 450.0                            LAT/LON1/LON2/DLON/H
   30   28   26   23   22   20   19   20   23   27   32   37   41   44   47   49
   51   53   54   56   57   59   60   63   64   65   66   67   68   69   71   72
   72   71   70   69   68   68   69   71   74   76   79   81   82   84   84   83
   83   81   77   73   70   68   66   63   61   58   55   52   50   48   46   44
   41   38   36   34   33   32   32   31   30
    50.0-180.0 180.0   5.0 450.0                            LAT/LON1/LON2/DLON/H
   34   33   30   28   26   24   22   21   23   26   30   35   39   43   46   48
   50   52   54   56   57   59   61   63   65   67   69   70   72   73   74   76
   76   77   76   74   73   74   76   78   81   84   86   88   89   89   89   89
   88   86   84   81   78   76   74   72   69   67   63   59   56   54   51   48
   46   43   40   38   37   36   35   34   34
    47.5-180.0 180.0   5.0 450.0                            LAT/LON1/LON2/DLON/H
   39   38   36   34   32   30   27   25   24   26   30   34   38   42   46   48
   51   53   55   57   58   60   62   65   67   70   72   74   76   78   80   81
   81   81   81   80   80   82   85   88   90   93   95   95   95   95   96   95
   94   92   90   88   86   84   83   80   78   75   70   66   62   58   55   52
   50   47   45   42   41   39   39   39   39
    45.0-180.0 180.0   5.0 450.0                            LAT/LON1/LON2/DLON/H
   43   42   42   41   39   36   33   29   27   28   31   35   39   42   46   49
   52   54   56   58   60   63   65   69   72   75   77   79   81   83   85   85
   85   87   86   87   89   92   95   98  101  103  104  103  102  102  101  101
  100   99   98   96   94   92   90   88   85   82   77   72   68   64   60   56
   53   51   50   46   45   43   43   43   43
    42.5-180.0 180.0   5.0 450.0                            LAT/LON1/LON2/DLON/H
   46   46   46   45   44   42   38   34   32   31   33   36   40   44   48   51
   54   57   59   62   64   67   70   73   77   80   83   85   87   88   89   89
   90   91   93   95   99  103  107  110  113  114  113  112  111  110  109  109
  108  108  107  105  102  100   97   94   91   87   83   77   73   68   64   60
   57   55   54   51   49   47   46   46   46
    40.0-180.0 180.0   5.0 450.0                            LAT/LON1/LON2/DLON/H
   48   47   48   48   47   45   42   38   35   34   36   39   43   47   51   54
   57   60   63   65   68   71   75   79   83   86   89   91   92   93   93   92
   94   96   99  103  109  115  121  124  125  125  124  122  121  120  119  119
  118  118  116  114  110  107  103   98   94   91   86   81   76   72   67   63
   60   58   57   55   52   51   50   48   48
    37.5-180.0 180.0   5.0 450.0                            LAT/LON1/LON2/DLON/H
   48   47   47   48   47   46   43   40   37   36   38   41   46   50   55   59
   62   65   67   69   72   75   79   84   88   92   95   97   97   96   96   96
   98  102  106  113  121  129  134  138  139  137  135  133  132  131  130  130
  129  127  124  120  116  112  107  102   96   92   88   83   78   74   70   66
   63   61   60   57   56   53   51   50   48
    35.0-180.0 180.0   5.0 450.0                            LAT/LON1/LON2/DLON/H
   48   45   45   46   45   44   42   40   38   37   40   44   49   55   60   63
   66   69   71   72   75   79   84   89   93   97  100  103  103  101  101  102
  104  109  115  125  134  143  148  152  152  150  146  144  142  141  141  141
  140  136  132  127  120  114  109  103   97   92   88   84   80   76   72   68
   66   63   62   60   58   55   53   51   48
    32.5-180.0 180.0   5.0 450.0                            LAT/LON1/LON2/DLON/H
   48   44   43   44   43   42   41   39   38   38   40   46   52   58   63   67
   70   73   75   76   78   83   87   92   97  101  105  109  109  108  108  109
  112  119  127  138  149  158  163  165  164  161  159  156  155  153  152  151
  149  144  139  133  123  115  108  101   95   91   87   85   81   77   74   70
   67   65   64   62   60   57   55   52   48
    30.0-180.0 180.0   5.0 450.0                            LAT/LON1/LON2/DLON/H
   49   45   43   42   41   40   39   37   38   38   41   47   54   61   66   71
   74   76   78   79   81   85   91   96  101  106  111  115  117  116  117  119
  124  132  143  154  164  173  176  178  176  172  170  170  168  165  162  159
  156  153  146  136  124  114  105   98   92   89   86   84   81   78   74   71
   68   66   65   63   62   59   57   54   49
    27.5-180.0 180.0   5.0 450.0                            LAT/LON1/LON2/DLON/H
   52   47   44   42   41   40   38   37   37   37   41   48   55   62   69   74
   77   79   80   81   83   88   94   99  105  111  118  123  126  127  129  132
  140  150  161  172  181  187  192  192  190  185  183  182  181  175  169  166
  162  160  153  139  124  111  100   92   88   85   84   83   81   78   74   71
   68   66   65   64   63   60   59   56   52
    25.0-180.0 180.0   5.0 450.0                            LAT/LON1/LON2/DLON/H
   55   51   48   45   44   42   39   38   37   38   41   47   56   63   70   76
   80   82   83   84   86   91   96  103  110  118  125  133  137  140  144  149
  159  171  182  192  198  204  207  205  203  197  194  193  190  183  177  172
  168  166  158  142  123  106   94   86   83   81   81   80   80   76   72   68
   66   65   64   64   63   62   62   59   55
    22.5-180.0 180.0   5.0 450.0                            LAT/LON1/LON2/DLON/H
   59   56   52   50   48   45   43   40   39   39   41   47   55   64   71   78
   83   85   86   87   90   95  101  108  117  126  135  144  150  155  162  168
  179  193  204  212  216  218  218  212  211  206  205  203  199  193  185  179
  174  171  162  143  122  103   90   82   78   76   76   77   76   73   69   66
   63   63   62   62   62   62   63   62   59
    20.0-180.0 180.0   5.0 450.0                            LAT/LON1/LON2/DLON/H
   62   60   57   55   53   51   48   45   42   41   42   47   55   65   73   80
   85   88   89   91   95  100  107  116  125  137  147  158  165  172  180  190
  200  214  225  231  230  228  224  218  216  214  214  213  210  203  195  187
  182  178  166  146  122  103   89   81   76   74   73   73   73   70   66   62
   60   59   59   60   60   61   63   63   62
    17.5-180.0 180.0   5.0 450.0                            LAT/LON1/LON2/DLON/H
   63   63   62   59   57   56   53   50   47   44   44   48   56   66   76   83
   88   92   94   97  101  107  116  125  136  149  161  172  181  189  199  209
  220  230  241  244  239  234  229  226  225  224  224  224  221  213  204  196
  193  186  172  151  126  106   92   84   78   74   72   72   71   68   63   59
   57   57   57   58   58   60   61   62   63
    15.0-180.0 180.0   5.0 450.0                            LAT/LON1/LON2/DLON/H
   61   63   63   61   61   59   58   54   51   47   46   49   57   69   78   86
   92   96   99  103  108  116  125  136  149  162  175  188  197  207  217  227
  236  244  250  250  244  238  235  235  235  236  237  234  229  220  211  205
  201  195  180  156  132  111   98   89   82   76   73   72   70   65   60   56
   55   56   56   56   58   59   60   60   61
    12.5-180.0 180.0   5.0 450.0                            LAT/LON1/LON2/DLON/H
   56   58   58   59   60   60   59   57   53   50   48   51   60   71   81   90
   95  101  105  110  115  124  135  148  161  175  189  202  213  224  234  242
  248  253  255  253  246  242  241  243  246  247  246  242  234  224  215  210
  208  201  185  162  138  117  104   94   86   78   73   71   68   64   59   56
   56   57   58   57   58   57   57   56   56
    10.0-180.0 180.0   5.0 450.0                            LAT/LON1/LON2/DLON/H
   51   51   52   55   57   58   58   56   53   51   49   52   61   74   84   92
   99  104  110  115  123  132  144  157  172  186  201  214  227  237  247  254
  258  259  257  253  249  248  249  252  254  254  251  244  234  223  215  212
  210  203  187  164  140  121  108  100   90   79   71   68   65   62   59   57
   58   59   60   59   58   57   55   52   51
     7.5-180.0 180.0   5.0 450.0                            LAT/LON1/LON2/DLON/H
   46   46   47   50   52   54   54   53   52   49   48   52   62   75   86   94
  101  108  114  121  129  140  152  166  181  196  211  225  237  248  257  263
  264  263  259  255  254  255  258  261  260  257  250  241  230  219  211  208
  206  198  182  160  138  122  113  104   93   81   72   66   63   61   59   59
   61   61   62   60   59   56   54   49   46
     5.0-180.0 180.0   5.0 450.0                            LAT/LON1/LON2/DLON/H
   44   43   44   46   48   49   49   48   47   46   45   50   61   74   87   96
  103  110  117  125  135  146  159  173  189  204  218  233  246  257  265  270
  270  266  261  258  259  262  265  267  263  255  245  234  222  210  202  200
  197  188  174  153  133  121  115  106   95   82   72   64   62   62   61   62
   64   64   64   62   61   58   53   48   44
     2.5-180.0 180.0   5.0 450.0                            LAT/LON1/LON2/DLON/H
   44   42   44   45   46   45   45   44   42   41   41   47   59   73   87   97
  104  112  121  130  140  152  165  180  195  210  225  240  252  263  270  274
  273  268  262  260  262  267  270  267  260  248  235  222  210  198  191  189
  184  175  160  143  127  118  113  105   94   81   71   63   61   61   63   65
   68   68   68   64   62   59   55   49   44
