gLAB/files/cme/01_09_2019/igsg2440.19i
     1.0            IONOSPHERE MAPS     MIX                 IONEX VERSION / TYPE
cmpcmb v1.2          GRL/UWM            24-sep-19 17:37     PGM / RUN BY / DATE 
ionex file containing IGS COMBINED Ionosphere maps          COMMENT             
global ionosphere maps for day 244, 2019                    DESCRIPTION         
IONEX file containing the COMBINED IGS TEC MAPS and DCBs    DESCRIPTION         
      IONEX files of the following IAACs were combined: cod DESCRIPTION         
                                                        esa DESCRIPTION         
                                                        jpl DESCRIPTION         
                                                        upc DESCRIPTION         
Contact address: Andrzej Krankowski                         DESCRIPTION
                 Geodynamics Research Laboratory            DESCRIPTION
                 University of Warmia and Mazury (GRL/UWM)  DESCRIPTION
                 Oczapowski St. 1                           DESCRIPTION
                 10-957-Olsztyn, POLAND                     DESCRIPTION
                 e-mail:  kand@uwm.edu.pl                   DESCRIPTION
                                                            DESCRIPTION         
  2019     9     1     0     0     0                        EPOCH OF FIRST MAP  
  2019     9     2     0     0     0                        EPOCH OF LAST MAP   
  7200                                                      INTERVAL            
    13                                                      # OF MAPS IN FILE   
  COSZ                                                      MAPPING FUNCTION    
     0.0                                                    ELEVATION CUTOFF    
combined TEC calculated as weighted mean of input TEC valuesOBSERVABLES USED    
   414                                                      # OF STATIONS       
    32                                                      # OF SATELLITES     
  6371.0                                                    BASE RADIUS         
     2                                                      MAP DIMENSION       
   450.0 450.0   0.0                                        HGT1 / HGT2 / DHGT  
    87.5 -87.5  -2.5                                        LAT1 / LAT2 / DLAT  
  -180.0 180.0   5.0                                        LON1 / LON2 / DLON  
    -1                                                      EXPONENT            
TEC values in 0.1 tec units;  9999, if no value available   COMMENT             
DCB values in nanoseconds, reference is Sum_of_SatDCBs = 0  COMMENT             
                                                            END OF HEADER       
[from data line 858]
     3                                                      START OF TEC MAP    
  2019     9     1     4     0     0                        EPOCH OF CURRENT MAP
    87.5-180.0 180.0   5.0 450.0                            LAT/LON1/LON2/DLON/H
   70   70   70   69   69   69   68   68   68   67   67   66   66   65   65   64
   64   63   63   62   62   61   60   60   60   60   60   59   60   59   60   60
   60   60   60   60   60   61   61   61   61   62   62   62   63   64   64   64
   64   65   65   66   66   66   67   67   67   68   69   69   69   70   70   70
   70   70   70   70   70   70   70   70   70
    85.0-180.0 180.0   5.0 450.0                            LAT/LON1/LON2/DLON/H
   72   72   72   71   71   70   70   69   69   67   67   66   65   65   64   63
   62   61   60   59   58   57   55   55   54   54   54   53   53   53   53   53
   54   54   54   54   55   55   55   56   57   57   58   59   59   60   61   62
   62   63   64   65   65   66   67   68   69   70   70   71   72   72   73   73
   73   72   73   73   72   72   72   72   72
    82.5-180.0 180.0   5.0 450.0                            LAT/LON1/LON2/DLON/H
   71   71   71   70   70   70   69   69   68   67   67   66   65   64   62   61
   60   58   57   56   55   53   51   50   50   49   48   47   47   47   48   48
   48   49   49   50   51   52   52   53   53   54   55   55   56   57   57   58
   59   60   61   62   63   64   65   67   69   70   71   72   73   73   73   73
   73   73   73   73   72   72   72   72   71
    80.0-180.0 180.0   5.0 450.0                            LAT/LON1/LON2/DLON/H
   69   69   68   68   67   67   67   67   67   66   66   65   64   63   61   60
   58   56   54   52   51   49   48   45   44   42   42   42   41   42   42   43
   44   44   45   46   48   49   49   50   51   51   52   52   53   53   54   55
   55   56   58   58   60   61   63   65   67   69   70   71   72   73   73   73
   73   72   72   71   71   70   70   69   69
    77.5-180.0 180.0   5.0 450.0                            LAT/LON1/LON2/DLON/H
   65   64   64   64   64   64   65   64   64   64   64   64   65   63   62   60
   57   55   54   51   48   45   43   41   40   38   38   39   39   39   40   41
   42   43   45   46   47   48   48   50   50   50   50   50   50   51   51   53
   54   54   55   56   57   58   59   61   64   65   68   69   71   72   72   72
   71   71   70   69   68   67   66   65   65
    75.0-180.0 180.0   5.0 450.0                            LAT/LON1/LON2/DLON/H
   60   60   60   61   61   61   61   61   62   63   64   64   64   63   61   58
   57   55   52   49   46   44   41   39   38   37   36   36   37   38   39   40
   41   43   44   45   46   47   48   48   48   48   48   48   49   50   50   51
   52   53   53   54   54   55   56   58   60   63   65   67   68   69   70   70
   69   68   68   66   65   64   63   61   60
    72.5-180.0 180.0   5.0 450.0                            LAT/LON1/LON2/DLON/H
   58   58   58   58   58   57   57   58   59   61   61   62   62   61   60   58
   56   53   52   49   46   43   41   38   37   36   36   36   36   38   39   40
   40   41   43   44   45   45   45   46   47   47   47   47   48   48   49   50
   51   51   51   51   52   52   54   56   58   60   63   64   66   67   68   68
   68   68   66   65   63   62   61   59   58
    70.0-180.0 180.0   5.0 450.0                            LAT/LON1/LON2/DLON/H
   58   57   56   55   54   53   54   55   56   57   58   58   60   60   59   58
   55   53   52   49   46   44   41   39   37   36   36   38   38   38   40   40
   40   40   40   40   41   42   42   42   42   43   44   46   47   48   49   49
   49   50   50   50   51   52   54   56   58   60   62   64   65   66   67   67
   68   67   66   65   64   63   61   60   58
    67.5-180.0 180.0   5.0 450.0                            LAT/LON1/LON2/DLON/H
   61   58   56   54   52   50   50   51   51   53   54   55   56   56   56   56
   53   52   51   49   46   44   41   39   38   37   37   38   40   40   41   40
   38   37   36   35   35   35   35   36   37   39   41   44   46   48   49   50
   50   50   50   51   52   53   55   57   59   61   64   65   66   67   67   68
   68   67   67   67   66   65   64   63   61
    65.0-180.0 180.0   5.0 450.0                            LAT/LON1/LON2/DLON/H
   64   61   58   54   51   48   47   47   47   47   49   50   51   52   52   52
   50   50   49   48   46   44   41   39   38   37   38   39   40   41   41   39
   36   33   32   30   28   28   28   29   31   34   38   42   45   48   50   51
   52   53   53   54   55   56   59   61   63   65   66   67   68   69   69   70
   70   69   69   69   68   68   67   66   64
    62.5-180.0 180.0   5.0 450.0                            LAT/LON1/LON2/DLON/H
   68   65   61   56   52   48   45   43   42   42   43   44   46   46   47   47
   48   47   48   47   45   43   40   39   38   37   37   38   39   40   39   37
   33   30   27   25   23   22   23   24   27   31   36   40   45   48   51   53
   55   57   57   58   59   61   63   65   67   69   70   71   71   71   71   72
   72   71   71   71   71   71   70   69   68
    60.0-180.0 180.0   5.0 450.0                            LAT/LON1/LON2/DLON/H
   72   69   65   60   55   50   45   41   39   38   38   39   40   41   41   43
   43   44   44   44   43   42   39   38   37   36   36   36   37   38   37   34
   31   27   24   22   20   19   20   21   24   29   34   40   45   49   53   55
   57   60   61   62   63   65   68   70   71   72   73   73   73   73   73   73
   73   73   73   74   74   74   73   73   72
    57.5-180.0 180.0   5.0 450.0                            LAT/LON1/LON2/DLON/H
   75   73   70   65   60   54   48   42   38   35   34   34   35   35   36   37
   38   39   40   40   40   38   37   36   35   34   34   34   34   34   33   31
   29   26   23   22   20   20   20   22   25   30   35   41   46   50   55   57
   61   64   65   67   68   70   72   73   75   75   75   75   76   76   75   75
   75   76   76   76   76   76   76   76   75
    55.0-180.0 180.0   5.0 450.0                            LAT/LON1/LON2/DLON/H
   78   77   74   70   66   60   53   46   40   35   33   31   31   31   32   32
   33   35   36   37   36   34   34   32   31   32   32   32   32   31   30   29
   28   27   26   25   24   24   24   26   29   32   37   42   47   52   56   61
   64   68   70   72   74   76   77   78   78   78   78   77   78   78   78   78
   78   79   78   78   77   78   78   79   78
    52.5-180.0 180.0   5.0 450.0                            LAT/LON1/LON2/DLON/H
   82   81   79   76   72   66   60   52   45   39   34   31   29   29   28   28
   29   30   32   33   33   31   30   29   29   30   31   32   32   31   30   30
   31   31   32   33   33   33   33   33   34   37   41   46   50   55   59   64
   69   73   77   79   81   82   82   82   82   82   81   81   81   81   81   80
   80   81   81   81   80   80   81   82   82
    50.0-180.0 180.0   5.0 450.0                            LAT/LON1/LON2/DLON/H
   86   86   84   82   79   74   68   60   52   44   39   34   32   29   27   27
   26   27   29   30   30   30   29   29   29   31   32   34   33   32   32   33
   34   37   39   42   43   43   42   41   41   43   46   50   54   59   63   69
   75   80   84   88   89   89   88   87   86   86   85   85   84   84   83   83
   83   83   83   84   84   84   85   85   86
    47.5-180.0 180.0   5.0 450.0                            LAT/LON1/LON2/DLON/H
   90   90   89   88   86   82   77   69   60   52   45   40   36   32   29   26
   26   26   28   29   30   30   30   30   31   33   35   37   37   36   35   37
   39   43   46   49   51   51   50   48   48   49   51   55   59   64   70   76
   83   89   93   97   97   96   94   92   90   89   89   89   88   87   86   85
   85   86   86   87   88   88   89   89   90
    45.0-180.0 180.0   5.0 450.0                            LAT/LON1/LON2/DLON/H
   93   93   92   93   92   89   85   78   68   60   52   46   41   37   32   28
   27   27   29   31   32   32   32   32   34   37   39   41   40   39   39   41
   43   47   51   55   56   56   55   53   53   53   57   61   66   71   77   84
   91   98  102  106  106  105  102   98   96   94   94   93   93   92   91   90
   89   89   90   91   92   93   94   94   93
    42.5-180.0 180.0   5.0 450.0                            LAT/LON1/LON2/DLON/H
   97   96   95   94   95   94   91   85   77   68   59   53   48   43   37   33
   30   30   32   34   36   36   36   36   37   40   42   43   43   42   42   44
   47   50   54   57   58   57   55   54   55   57   61   67   73   79   86   93
  100  107  111  115  116  114  110  107  103  101  100  100   99   98   96   95
   94   94   95   96   97   99  100   99   97
    40.0-180.0 180.0   5.0 450.0                            LAT/LON1/LON2/DLON/H
  101   99   96   95   95   95   94   89   82   74   66   60   55   49   43   38
   35   35   37   39   40   41   40   40   41   42   44   45   46   45   46   47
   49   53   55   57   57   55   54   53   54   58   65   73   81   88   95  102
  109  115  120  122  123  121  118  115  111  109  108  107  106  104  103  101
  100  101  103  104  105  106  107  105  101
    37.5-180.0 180.0   5.0 450.0                            LAT/LON1/LON2/DLON/H
  107  101   97   94   93   93   93   90   86   79   72   67   61   56   50   45
   42   41   42   45   46   46   45   44   44   45   45   46   47   47   47   49
   51   53   54   54   53   51   50   50   53   60   70   79   88   96  104  111
  116  121  125  127  127  125  123  121  119  117  116  115  114  112  110  109
  109  110  113  115  115  114  114  112  107
    35.0-180.0 180.0   5.0 450.0                            LAT/LON1/LON2/DLON/H
  115  107  100   94   91   90   90   89   87   82   77   72   68   63   58   53
   50   49   49   50   51   51   50   48   47   46   46   46   46   47   49   51
   52   53   52   51   49   47   46   47   53   62   73   84   94  102  110  116
  121  124  127  128  127  128  128  128  127  126  124  123  122  121  120  120
  121  122  125  128  126  126  124  121  115
    32.5-180.0 180.0   5.0 450.0                            LAT/LON1/LON2/DLON/H
  125  116  106   97   90   87   86   87   86   84   80   76   73   69   65   61
   58   56   55   55   54   54   53   51   49   47   46   45   45   47   49   52
   53   53   51   48   46   44   43   46   52   63   76   89   99  107  113  117
  122  125  125  125  127  130  131  134  134  134  132  132  131  131  132  134
  135  138  142  144  141  140  137  133  125
    30.0-180.0 180.0   5.0 450.0                            LAT/LON1/LON2/DLON/H
  140  130  117  105   94   87   84   84   85   84   83   79   77   74   71   68
   65   62   59   58   57   56   56   54   52   49   46   44   44   46   49   51
   53   52   50   46   44   42   42   46   53   64   78   91  100  108  113  116
  120  122  122  123  127  132  136  141  142  142  141  141  141  143  146  149
  152  156  161  162  159  156  153  148  140
    27.5-180.0 180.0   5.0 450.0                            LAT/LON1/LON2/DLON/H
  160  149  135  119  103   93   86   84   85   86   84   82   80   77   76   73
   70   66   62   59   57   57   57   56   53   50   46   44   43   45   48   51
   52   51   48   45   42   41   43   46   54   66   78   91  100  106  110  113
  116  118  119  123  129  136  142  148  151  150  150  150  152  155  160  167
  171  176  181  182  178  175  172  168  160
    25.0-180.0 180.0   5.0 450.0                            LAT/LON1/LON2/DLON/H
  186  175  158  140  120  104   94   89   89   89   87   84   81   79   78   76
   73   67   62   58   56   56   57   57   55   51   46   44   43   43   46   49
   49   48   46   43   41   41   43   47   55   64   76   87   96  102  106  109
  112  114  118  124  131  140  149  156  158  158  158  160  162  167  175  182
  189  196  200  200  199  195  193  192  186
    22.5-180.0 180.0   5.0 450.0                            LAT/LON1/LON2/DLON/H
  213  205  186  167  144  124  108  101   97   96   92   87   83   80   78   76
   72   65   60   55   53   54   56   57   56   51   47   43   41   41   42   44
   44   44   43   42   40   41   43   47   53   61   72   82   90   97  101  105
  109  112  119  126  135  145  156  164  166  166  166  169  172  179  188  195
  203  212  217  218  217  214  214  215  213
    20.0-180.0 180.0   5.0 450.0                            LAT/LON1/LON2/DLON/H
  236  232  218  197  172  150  131  119  111  106  100   92   85   80   78   74
   69   63   57   53   51   53   55   57   55   51   46   42   40   38   38   39
   40   40   40   39   39   39   41   43   48   56   66   76   85   92   97  102
  107  113  122  130  141  152  163  171  174  175  176  177  180  188  199  208
  214  224  230  233  233  231  231  234  236
    17.5-180.0 180.0   5.0 450.0                            LAT/LON1/LON2/DLON/H
  251  250  245  225  200  177  158  144  130  121  112  100   90   83   78   74
   68   61   55   51   50   52   55   56   55   50   46   42   39   36   35   35
   35   36   37   37   36   36   37   39   43   50   59   70   80   88   94  101
  109  117  127  138  150  161  172  180  184  185  185  186  189  197  208  218
  223  232  238  243  246  244  244  247  251
    15.0-180.0 180.0   5.0 450.0                            LAT/LON1/LON2/DLON/H
  259  263  260  246  224  201  186  169  153  137  125  110   97   88   81   74
   68   60   54   51   50   53   55   56   54   50   45   41   37   35   33   32
   31   32   33   33   32   31   31   32   36   43   54   65   76   86   95  103
  113  124  135  147  160  172  184  191  194  195  196  196  200  207  216  226
  231  238  243  247  250  250  251  253  259
    12.5-180.0 180.0   5.0 450.0                            LAT/LON1/LON2/DLON/H
  259  266  266  257  244  225  206  188  171  154  137  122  108   96   87   79
   71   63   57   54   54   56   58   57   54   49   44   40   36   34   31   29
   28   29   30   29   28   26   26   27   31   38   49   62   74   86   95  107
  118  131  144  157  171  183  194  201  203  204  205  206  210  217  224  231
  236  241  245  248  251  251  252  255  259
    10.0-180.0 180.0   5.0 450.0                            LAT/LON1/LON2/DLON/H
  256  261  264  260  252  240  222  204  186  167  149  133  118  106   96   86
   77   70   64   62   61   62   62   60   55   49   43   39   35   33   30   27
   27   28   27   26   24   23   22   23   27   35   46   61   75   88   98  110
  123  137  151  165  180  192  202  209  211  212  213  214  218  224  231  236
  240  244  246  248  250  251  252  253  256
     7.5-180.0 180.0   5.0 450.0                            LAT/LON1/LON2/DLON/H
  252  254  256  254  251  244  229  212  194  176  158  143  129  116  106   96
   87   80   75   73   72   71   69   64   58   50   44   39   36   33   31   28
   28   29   27   25   23   21   21   21   25   33   46   62   77   90  101  113
  126  142  156  171  187  199  210  216  218  220  221  223  225  232  239  243
  245  246  247  248  250  252  252  252  252
     5.0-180.0 180.0   5.0 450.0                            LAT/LON1/LON2/DLON/H
  250  249  248  245  243  238  227  211  195  178  163  149  137  125  116  107
   98   92   87   86   84   82   78   70   62   52   45   41   38   35   33   31
   31   31   29   27   24   23   22   22   26   34   47   64   79   92  103  115
  128  143  159  176  193  206  217  222  224  226  228  232  236  242  248  249
  249  250  250  250  252  253  253  251  250
     2.5-180.0 180.0   5.0 450.0                            LAT/LON1/LON2/DLON/H
  251  247  242  238  234  229  218  205  189  175  161  150  141  132  124  117
  109  103  100   98   97   92   86   76   67   55   48   43   41   38   37   35
   36   35   33   30   27   25   24   24   28   35   49   65   80   93  104  115
  128  143  159  178  197  211  222  225  227  229  232  238  244  251  255  254
  254  254  254  253  252  253  255  254  251
