gLAB/files/cme/01_09_2019/igsg2440.19i
     1.0            IONOSPHERE MAPS     MIX                 IONEX VERSION / TYPE
cmpcmb v1.2          GRL/UWM            24-sep-19 17:37     PGM / RUN BY / DATE 
ionex file containing IGS COMBINED Ionosphere maps          COMMENT             
global ionosphere maps for day 244, 2019                    DESCRIPTION         
IONEX file containing the COMBINED IGS TEC MAPS and DCBs    DESCRIPTION         
      IONEX files of the following IAACs were combined: cod DESCRIPTION         
                                                        esa DESCRIPTION         
                                                        jpl DESCRIPTION         
                                                        upc DESCRIPTION         
Contact address: Andrzej Krankowski                         DESCRIPTION
                 Geodynamics Research Laboratory            DESCRIPTION
                 University of Warmia and Mazury (GRL/UWM)  DESCRIPTION
                 Oczapowski St. 1                           DESCRIPTION
                 10-957-Olsztyn, POLAND                     DESCRIPTION
                 e-mail:  kand@uwm.edu.pl                   DESCRIPTION
                                                            DESCRIPTION         
  2019     9     1     0     0     0                        EPOCH OF FIRST MAP  
  2019     9     2     0     0     0                        EPOCH OF LAST MAP   
  7200                                                      INTERVAL            
    13                                                      # OF MAPS IN FILE   
  COSZ                                                      MAPPING FUNCTION    
     0.0                                                    ELEVATION CUTOFF    
combined TEC calculated as weighted mean of input TEC valuesOBSERVABLES USED    
   414                                                      # OF STATIONS       
    32                                                      # OF SATELLITES     
  6371.0                                                    BASE RADIUS         
     2                                                      MAP DIMENSION       
   450.0 450.0   0.0                                        HGT1 / HGT2 / DHGT  
    87.5 -87.5  -2.5                                        LAT1 / LAT2 / DLAT  
  -180.0 180.0   5.0                                        LON1 / LON2 / DLON  
    -1                                                      EXPONENT            
TEC values in 0.1 tec units;  9999, if no value available   COMMENT             
DCB values in nanoseconds, reference is Sum_of_SatDCBs = 0  COMMENT             
                                                            END OF HEADER       
[from data line 1287]
     4                                                      START OF TEC MAP    
  2019     9     1     6     0     0                        EPOCH OF CURRENT MAP
    87.5-180.0 180.0   5.0 450.0                            LAT/LON1/LON2/DLON/H
   67   67   67   67   66   66   66   66   66   66   66   66   65   65   65   64
   64   64   64   64   63   63   63   63   63   63   63   63   63   63   64   64
   64   64   64   65   65   65   65   65   66   66   66   66   66   67   67   67
   67   67   68   67   67   67   68   68   68   68   68   67   67   67   67   67
   67   67   67   67   67   67   67   67   67
    85.0-180.0 180.0   5.0 450.0                            LAT/LON1/LON2/DLON/H
   66   67   67   67   67   67   67   66   66   66   65   65   64   63   63   62
   61   60   60   60   59   59   59   59   58   57   58   58   58   57   58   58
   58   59   59   60   60   61   62   62   63   64   64   65   66   66   67   67
   68   68   68   68   68   68   68   68   68   67   67   67   67   66   66   66
   66   66   66   66   66   66   66   66   66
    82.5-180.0 180.0   5.0 450.0                            LAT/LON1/LON2/DLON/H
   65   65   66   65   65   66   65   65   65   64   63   63   62   61   60   59
   58   57   56   56   55   53   53   52   52   52   51   51   52   53   53   54
   54   55   55   56   56   57   57   58   59   59   60   61   63   64   65   66
   66   67   67   67   68   68   67   68   67   67   66   65   65   65   64   64
   64   64   64   64   64   65   65   65   65
    80.0-180.0 180.0   5.0 450.0                            LAT/LON1/LON2/DLON/H
   63   63   63   64   64   64   65   65   65   64   63   62   61   59   57   55
   54   52   51   50   49   48   48   46   46   46   46   46   47   48   48   49
   50   50   51   52   52   54   54   55   56   56   57   58   60   61   63   65
   66   67   67   68   68   68   68   67   66   66   65   64   64   63   63   62
   62   62   62   62   63   63   62   62   63
    77.5-180.0 180.0   5.0 450.0                            LAT/LON1/LON2/DLON/H
   60   60   61   62   63   64   65   65   65   65   63   61   59   56   54   51
   49   47   46   43   42   41   40   39   40   41   42   43   43   44   45   47
   48   48   49   49   50   51   51   51   52   53   54   55   57   59   61   63
   65   67   68   69   69   69   69   68   67   66   65   64   63   62   61   61
   61   61   61   61   61   60   60   59   60
    75.0-180.0 180.0   5.0 450.0                            LAT/LON1/LON2/DLON/H
   57   59   60   61   62   63   64   65   65   65   62   59   56   53   50   49
   47   43   41   39   38   36   36   36   37   38   40   41   42   44   45   46
   47   48   49   49   49   48   48   48   49   50   51   52   54   55   58   60
   63   65   67   68   69   70   69   69   68   67   65   65   63   63   62   62
   62   62   62   61   60   59   57   57   57
    72.5-180.0 180.0   5.0 450.0                            LAT/LON1/LON2/DLON/H
   56   56   57   58   59   61   62   64   63   61   60   58   55   51   49   47
   43   38   37   36   34   34   34   34   36   37   39   41   42   44   45   46
   47   48   49   49   48   48   47   46   47   48   49   50   52   54   56   58
   61   64   66   68   69   70   70   70   69   68   67   67   66   65   65   64
   64   64   63   62   60   58   56   56   56
    70.0-180.0 180.0   5.0 450.0                            LAT/LON1/LON2/DLON/H
   55   53   54   54   55   57   58   59   59   59   59   56   53   50   47   44
   40   37   35   34   33   33   33   34   37   38   39   41   43   44   46   47
   48   48   48   48   47   46   46   46   46   47   48   49   50   53   55   58
   60   63   66   68   69   70   70   71   70   70   69   69   69   68   68   68
   68   67   66   64   60   58   56   55   55
    67.5-180.0 180.0   5.0 450.0                            LAT/LON1/LON2/DLON/H
   53   51   51   50   51   52   54   55   56   55   55   54   51   49   45   42
   40   38   36   34   34   34   34   35   37   39   41   43   44   44   45   47
   48   48   46   46   45   44   43   44   45   46   47   49   51   53   56   59
   62   64   66   68   69   70   71   71   71   70   71   71   71   72   72   72
   72   71   69   67   64   61   58   55   53
    65.0-180.0 180.0   5.0 450.0                            LAT/LON1/LON2/DLON/H
   53   50   48   47   46   47   48   50   50   50   51   51   49   47   44   42
   41   39   38   36   35   35   35   36   38   39   41   43   44   43   43   44
   45   45   43   42   41   40   41   42   44   46   48   51   53   56   59   61
   64   66   68   69   70   71   72   72   72   72   72   72   73   74   75   76
   76   76   75   72   69   66   61   57   53
    62.5-180.0 180.0   5.0 450.0                            LAT/LON1/LON2/DLON/H
   55   50   46   43   42   41   42   43   45   46   46   46   46   44   42   42
   41   40   39   38   37   36   36   36   37   39   41   42   42   40   39   38
   39   39   38   37   37   38   39   41   43   46   50   53   56   59   62   64
   67   69   71   72   73   74   74   74   73   73   73   74   75   76   77   78
   79   79   78   76   74   70   65   61   55
    60.0-180.0 180.0   5.0 450.0                            LAT/LON1/LON2/DLON/H
   59   52   47   43   39   38   37   38   39   40   41   41   41   40   40   41
   42   41   41   40   38   36   36   36   37   38   40   40   38   36   35   33
   33   34   34   34   35   36   38   41   44   48   52   56   60   63   66   68
   71   73   74   76   77   76   77   76   75   75   75   76   77   77   78   79
   80   80   80   78   76   74   70   64   59
    57.5-180.0 180.0   5.0 450.0                            LAT/LON1/LON2/DLON/H
   64   57   51   45   40   37   34   34   34   35   35   36   35   36   37   39
   41   41   41   40   38   35   35   34   35   35   36   36   35   31   30   28
   28   29   30   32   34   36   39   42   46   50   55   59   63   67   70   73
   75   77   79   80   80   81   80   79   79   78   78   79   79   79   79   80
   81   81   80   79   78   76   73   69   64
    55.0-180.0 180.0   5.0 450.0                            LAT/LON1/LON2/DLON/H
   69   63   57   50   45   40   35   33   31   31   30   30   30   31   33   36
   38   40   40   39   37   34   33   32   32   32   32   32   31   29   26   26
   26   27   30   33   35   38   41   45   49   53   58   62   67   71   74   77
   80   82   83   83   84   84   84   83   83   83   83   83   82   82   81   81
   81   81   81   80   79   78   76   73   69
    52.5-180.0 180.0   5.0 450.0                            LAT/LON1/LON2/DLON/H
   75   70   65   58   51   45   40   35   31   29   27   27   26   26   28   31
   34   36   37   36   34   32   30   29   29   29   29   29   29   27   25   25
   26   28   32   36   39   43   46   50   53   58   62   66   70   75   79   82
   85   87   89   89   89   89   89   89   88   88   88   88   87   86   85   83
   82   81   81   81   81   81   80   78   75
    50.0-180.0 180.0   5.0 450.0                            LAT/LON1/LON2/DLON/H
   81   78   72   66   59   53   46   40   35   31   28   25   23   23   24   27
   30   32   33   34   32   30   28   28   28   29   29   29   28   27   27   27
   28   32   36   41   46   50   53   56   60   63   67   71   75   80   84   88
   92   95   96   97   96   95   95   94   94   93   94   93   93   91   89   86
   85   84   83   83   83   84   84   83   81
    47.5-180.0 180.0   5.0 450.0                            LAT/LON1/LON2/DLON/H
   87   83   79   73   66   60   53   47   41   36   31   27   24   23   23   24
   26   29   30   31   30   29   28   28   29   30   31   32   32   31   31   31
   33   37   42   47   53   58   61   63   66   69   73   77   82   86   90   94
   98  101  104  105  104  102  101  100   99   99   99   98   97   96   93   91
   89   87   86   85   85   86   87   87   87
    45.0-180.0 180.0   5.0 450.0                            LAT/LON1/LON2/DLON/H
   89   87   83   78   72   67   61   55   48   43   37   32   28   25   24   24
   26   27   29   30   30   30   30   31   32   34   36   37   37   36   35   36
   38   42   47   54   60   65   68   70   73   76   79   83   88   92   97  101
  105  109  111  112  111  109  107  106  105  104  104  104  102  100   98   96
   94   92   91   90   89   90   90   90   89
    42.5-180.0 180.0   5.0 450.0                            LAT/LON1/LON2/DLON/H
   90   87   84   80   75   71   66   61   56   50   44   39   34   30   27   27
   28   29   31   31   32   32   33   34   36   38   40   41   41   40   40   40
   42   45   51   59   65   70   74   76   78   82   86   90   95  100  105  109
  114  117  120  120  119  116  113  112  110  109  109  108  107  105  103  101
  101   99   98   97   95   93   92   91   90
    40.0-180.0 180.0   5.0 450.0                            LAT/LON1/LON2/DLON/H
   88   86   84   80   77   73   69   66   61   57   52   47   42   37   34   32
   32   33   34   35   35   35   36   37   39   41   43   44   44   43   42   42
   44   47   53   61   68   74   77   80   83   87   93   97  103  107  113  119
  123  127  128  128  127  124  120  119  117  115  114  113  112  111  109  108
  107  107  106  104  101   98   94   91   88
    37.5-180.0 180.0   5.0 450.0                            LAT/LON1/LON2/DLON/H
   87   84   81   79   76   73   71   68   66   62   59   55   51   47   42   40
   39   39   39   39   39   39   39   41   42   44   45   46   46   45   44   43
   44   47   52   61   68   75   80   84   88   93   99  105  111  115  122  128
  132  136  137  138  137  134  130  128  125  122  120  118  117  116  116  116
  115  116  115  112  109  103   97   91   87
    35.0-180.0 180.0   5.0 450.0                            LAT/LON1/LON2/DLON/H
   87   83   80   78   76   73   70   69   68   67   65   63   59   56   52   49
   46   45   45   44   43   43   42   43   44   44   45   46   46   45   44   43
   43   46   51   59   68   76   81   86   92   97  104  111  117  123  128  135
  141  144  146  147  146  145  143  140  136  132  129  126  124  123  123  124
  125  126  126  122  118  112  103   94   87
    32.5-180.0 180.0   5.0 450.0                            LAT/LON1/LON2/DLON/H
   92   85   81   78   75   72   69   68   68   68   68   68   66   63   60   57
   54   51   50   48   47   46   45   44   44   45   45   45   44   43   43   42
   42   44   49   57   67   75   81   88   94  101  109  116  123  127  133  139
  146  151  155  158  159  160  159  157  153  147  142  138  135  133  132  133
  135  136  138  135  130  122  113  102   92
    30.0-180.0 180.0   5.0 450.0                            LAT/LON1/LON2/DLON/H
  102   92   86   82   78   73   69   68   69   70   71   71   70   68   66   63
   60   56   53   50   49   47   46   45   44   44   43   43   42   41   42   42
   42   43   48   56   65   74   82   89   96  104  112  120  126  130  136  142
  150  158  164  171  176  179  181  179  174  166  160  154  149  145  144  145
  147  149  152  151  145  136  125  113  102
    27.5-180.0 180.0   5.0 450.0                            LAT/LON1/LON2/DLON/H
  117  104   97   89   83   75   69   68   69   70   71   72   72   70   69   67
   63   58   55   52   50   48   47   45   44   43   42   40   39   40   40   41
   41   43   46   54   64   74   83   91   98  106  114  121  127  131  137  145
  155  166  175  185  195  201  204  203  198  188  181  173  165  161  158  159
  161  164  169  168  163  154  143  131  117
    25.0-180.0 180.0   5.0 450.0                            LAT/LON1/LON2/DLON/H
  138  125  112  102   92   82   74   69   70   71   72   71   71   70   69   67
   63   58   54   51   50   49   48   46   44   42   40   38   37   38   39   40
   40   41   45   53   63   75   85   93  100  107  114  121  126  131  138  148
  160  174  187  200  212  221  226  226  219  208  202  193  184  178  176  176
  177  182  186  188  185  176  166  152  138
    22.5-180.0 180.0   5.0 450.0                            LAT/LON1/LON2/DLON/H
  161  148  133  120  105   92   81   74   72   72   72   71   70   68   67   65
   61   56   52   50   49   49   48   47   44   41   39   36   34   35   37   39
   39   39   43   51   63   75   85   94  100  107  114  120  125  132  141  153
  167  183  199  214  228  238  243  245  239  225  218  211  202  197  196  196
  195  198  203  205  206  200  190  176  161
    20.0-180.0 180.0   5.0 450.0                            LAT/LON1/LON2/DLON/H
  183  171  155  139  121  105   91   82   77   75   73   71   69   67   65   62
   58   53   49   48   48   49   49   47   44   41   38   35   33   34   35   37
   37   38   42   50   61   75   85   93   99  105  113  119  126  133  145  159
  174  191  208  225  240  250  254  255  253  241  233  226  219  216  215  215
  214  215  218  223  224  221  214  198  183
    17.5-180.0 180.0   5.0 450.0                            LAT/LON1/LON2/DLON/H
  203  190  175  156  137  120  104   93   85   81   78   74   70   67   64   61
   56   51   48   46   48   50   50   48   44   41   37   34   32   33   33   35
   36   36   40   47   59   73   84   92   98  104  112  119  128  137  151  165
  182  200  217  234  246  254  257  258  256  250  243  240  235  231  232  232
  232  232  232  236  237  236  228  218  203
    15.0-180.0 180.0   5.0 450.0                            LAT/LON1/LON2/DLON/H
  217  203  188  170  151  132  116  103   94   89   84   79   74   69   66   63
   57   52   48   47   49   51   51   48   45   41   37   34   32   32   33   33
   33   33   36   43   56   70   81   89   96  103  112  121  130  143  157  173
  191  209  225  239  248  254  257  257  254  251  249  249  246  244  246  246
  246  246  244  245  245  243  238  228  217
    12.5-180.0 180.0   5.0 450.0                            LAT/LON1/LON2/DLON/H
  226  212  195  178  160  141  124  111  102   96   91   85   80   75   71   67
   61   55   52   51   52   54   53   50   45   41   36   33   32   32   32   32
   31   30   31   39   52   65   77   86   94  102  112  123  136  150  167  184
  201  218  231  241  248  252  254  255  253  252  252  253  252  252  255  256
  255  253  251  249  248  245  241  235  226
    10.0-180.0 180.0   5.0 450.0                            LAT/LON1/LON2/DLON/H
  225  213  198  181  164  148  132  118  109  103   98   93   87   83   80   75
   69   63   59   57   58   57   55   51   46   40   36   33   32   32   31   30
   29   27   28   35   47   61   73   82   92  102  114  128  143  159  177  195
  212  226  236  243  248  251  253  255  255  255  256  256  255  254  257  257
  257  255  252  250  247  244  239  234  225
     7.5-180.0 180.0   5.0 450.0                            LAT/LON1/LON2/DLON/H
  220  210  196  179  164  150  135  122  114  108  104   99   96   93   89   85
   80   74   70   66   65   62   59   53   46   40   36   34   33   32   31   29
   28   25   26   33   44   57   69   79   90  102  116  133  150  167  186  204
  219  231  241  247  252  256  258  260  261  261  261  260  258  254  253  253
  253  252  249  247  243  239  235  229  220
     5.0-180.0 180.0   5.0 450.0                            LAT/LON1/LON2/DLON/H
  215  207  193  176  161  148  135  124  117  113  109  106  103  102   99   95
   91   84   80   76   72   69   63   55   47   41   38   37   35   33   32   30
   29   26   27   33   43   56   67   78   89  103  119  137  156  174  193  211
  225  238  246  253  258  264  268  272  273  270  267  265  261  253  248  246
  246  245  243  241  236  232  229  222  215
     2.5-180.0 180.0   5.0 450.0                            LAT/LON1/LON2/DLON/H
  209  201  190  176  159  146  134  125  119  116  113  111  109  108  105  102
   98   93   88   84   79   75   67   58   50   43   40   39   37   36   35   33
   31   29   30   35   45   56   67   77   89  104  122  140  159  178  198  215
  231  242  252  259  266  274  280  285  284  279  274  270  263  252  242  237
  237  238  236  233  229  225  221  215  209
