gLAB/files/cme/01_09_2019/jprg2440.19i
     1.0            IONOSPHERE MAPS     GPS                 IONEX VERSION / TYPE
GIM V3.0            JPL - GNISD         02-sep-2019 05:57   PGM / RUN BY / DATE 
JPL'S GLOBAL IONOSPHERE MAPS YEAR 2019 DAY 244              COMMENT             
Global Ionospheric Maps (GIM) are generated on an hourly    DESCRIPTION         
and daily basis at JPL using data from up to 100 GPS sites  DESCRIPTION         
of the IGS and others institutions.                         DESCRIPTION         
The vertical TEC is modeled in a solar-geomagnetic          DESCRIPTION         
reference frame using bi-cubic splines on a spherical grid. DESCRIPTION         
A Kalman filter is used to solve simultaneously for         DESCRIPTION         
instrumental biases and VTEC on the grid (as stochastic     DESCRIPTION         
parameters).                                                DESCRIPTION         
Contact Address:  gpsiono@cobra.jpl.nasa.gov .              DESCRIPTION         
  2019     9     1     0     0     0                        EPOCH OF FIRST MAP  
  2019     9     2     0     0     0                        EPOCH OF LAST MAP   
  7200                                                      INTERVAL            
    13                                                      # OF MAPS IN FILE   
  NONE                                                      MAPPING FUNCTION    
    10.0                                                    ELEVATION CUTOFF    
One-way carrier phase leveled to code                       OBSERVABLES USED    
   170                                                      # OF STATIONS       
    31                                                      # OF SATELLITES     
  6371.0                                                    BASE RADIUS         
     2                                                      MAP DIMENSION       
   450.0 450.0   0.0                                        HGT1 / HGT2 / DHGT  
    87.5 -87.5  -2.5                                        LAT1 / LAT2 / DLAT  
  -180.0 180.0   5.0                                        LON1 / LON2 / DLON  
    -1                                                      EXPONENT            
TEC/RMS values in 0.1 TECU; 9999, if no value available     COMMENT             
                                                            END OF HEADER       
[from data line 858]
     3                                                      START OF TEC MAP    
  2019     9     1     4     0     0                        EPOCH OF CURRENT MAP
    87.5-180.0 180.0   5.0 450.0                            LAT/LON1/LON2/DLON/H
   76   76   75   75   74   74   73   73   72   72   71   71   70   70   69   69
   69   68   68   67   67   67   66   66   66   66   66   65   65   65   66   66
   66   66   66   67   67   67   68   68   68   69   69   70   70   71   71   71
   72   73   73   74   74   74   75   75   76   76   76   77   77   77   77   77
   77   77   77   77   77   77   77   76   76
    85.0-180.0 180.0   5.0 450.0                            LAT/LON1/LON2/DLON/H
   78   78   77   76   76   75   74   73   73   72   71   70   69   68   67   67
   66   65   64   63   62   62   61   60   60   60   60   60   60   60   60   61
   61   62   62   62   63   64   64   65   65   66   67   67   68   69   70   70
   71   72   73   74   75   76   77   78   79   80   80   81   82   82   82   82
   82   82   82   81   81   80   80   79   78
    82.5-180.0 180.0   5.0 450.0                            LAT/LON1/LON2/DLON/H
   79   78   77   76   76   75   74   74   73   72   72   71   69   68   67   65
   64   62   61   60   58   57   56   56   55   55   55   55   55   56   56   57
   58   58   59   60   60   61   61   62   63   63   64   65   65   66   67   68
   70   71   72   73   75   76   78   79   81   82   83   84   85   86   86   86
   86   85   85   84   83   82   81   80   79
    80.0-180.0 180.0   5.0 450.0                            LAT/LON1/LON2/DLON/H
   77   76   76   75   75   74   74   74   74   73   73   72   71   70   68   66
   64   62   60   58   56   54   53   52   51   51   51   52   52   53   54   55
   56   57   57   58   58   59   59   60   60   60   61   62   62   63   64   66
   67   68   70   71   73   75   77   79   81   83   84   86   87   88   88   88
   88   87   86   84   83   81   80   79   77
    77.5-180.0 180.0   5.0 450.0                            LAT/LON1/LON2/DLON/H
   75   74   73   73   73   73   73   73   73   74   74   73   73   71   70   68
   65   63   60   57   55   52   51   49   49   48   49   49   50   51   52   53
   54   55   56   56   57   57   57   57   57   58   58   59   60   60   62   63
   64   65   67   68   70   72   74   76   79   81   83   85   87   88   89   89
   88   87   85   84   82   80   78   77   75
    75.0-180.0 180.0   5.0 450.0                            LAT/LON1/LON2/DLON/H
   73   72   71   70   70   70   70   71   72   72   73   73   73   72   71   69
   67   64   61   58   55   52   50   49   48   47   48   48   48   49   50   51
   52   53   54   54   54   55   55   55   55   55   55   56   57   58   59   60
   61   62   64   65   66   68   70   72   75   78   81   83   85   87   88   88
   87   86   84   83   81   79   77   75   73
    72.5-180.0 180.0   5.0 450.0                            LAT/LON1/LON2/DLON/H
   73   71   70   68   68   67   67   67   68   69   70   71   71   71   71   70
   68   66   63   60   56   53   51   49   48   48   48   48   48   48   48   48
   48   49   50   50   51   51   52   52   52   53   53   54   55   57   58   59
   60   61   61   62   63   65   66   69   71   75   78   81   83   85   86   86
   86   85   83   82   80   78   76   74   73
    70.0-180.0 180.0   5.0 450.0                            LAT/LON1/LON2/DLON/H
   74   72   70   68   66   64   64   63   63   64   65   66   68   69   69   69
   69   67   64   61   58   55   52   50   48   48   49   49   49   48   47   45
   44   44   45   45   46   47   48   48   49   50   51   53   55   56   58   59
   59   60   60   61   61   62   64   66   69   72   75   78   81   83   85   85
   85   84   83   82   80   79   77   75   74
    67.5-180.0 180.0   5.0 450.0                            LAT/LON1/LON2/DLON/H
   76   73   71   68   65   63   61   59   59   59   60   61   63   65   66   67
   67   66   65   62   59   56   53   50   49   49   49   50   50   49   47   44
   41   40   40   40   41   42   43   44   45   47   50   52   55   57   59   60
   61   61   61   61   61   62   64   66   69   72   75   78   80   82   83   84
   84   84   83   82   81   80   79   77   76
    65.0-180.0 180.0   5.0 450.0                            LAT/LON1/LON2/DLON/H
   78   76   73   70   66   62   59   56   54   54   54   56   58   60   62   64
   65   65   64   62   59   55   52   50   49   49   50   51   52   50   47   44
   40   37   36   36   37   38   39   40   42   44   48   52   55   59   61   63
   64   65   64   64   64   65   67   70   73   75   77   79   80   82   83   84
   84   84   84   83   82   81   80   79   78
    62.5-180.0 180.0   5.0 450.0                            LAT/LON1/LON2/DLON/H
   80   78   75   72   68   63   59   55   52   50   50   51   53   55   58   60
   62   62   62   60   58   55   52   49   48   48   50   52   53   52   49   45
   41   37   35   34   34   35   35   37   39   42   46   51   56   61   65   67
   69   70   70   70   70   71   73   76   79   80   81   82   82   82   83   85
   85   85   84   83   82   82   81   81   80
    60.0-180.0 180.0   5.0 450.0                            LAT/LON1/LON2/DLON/H
   81   80   78   75   70   65   60   54   50   48   46   47   48   50   53   56
   58   59   59   58   56   53   50   48   48   48   50   53   54   53   51   47
   44   40   37   36   34   34   34   35   37   41   45   51   58   64   69   73
   75   77   77   77   77   78   80   83   85   86   86   85   84   84   85   86
   87   87   85   84   82   82   81   81   81
    57.5-180.0 180.0   5.0 450.0                            LAT/LON1/LON2/DLON/H
   82   81   80   78   74   68   62   56   51   47   45   44   45   47   49   52
   54   56   56   55   54   51   49   47   47   48   51   53   55   54   53   50
   48   45   42   39   37   36   35   36   38   41   46   53   60   67   73   79
   82   84   85   85   85   86   88   90   92   92   90   88   86   86   86   87
   88   88   87   84   83   82   81   82   82
    55.0-180.0 180.0   5.0 450.0                            LAT/LON1/LON2/DLON/H
   83   83   83   81   78   72   66   59   53   48   44   43   43   45   46   49
   50   52   53   52   51   49   48   47   47   49   52   55   56   55   54   53
   52   51   48   45   43   41   40   39   40   43   48   55   63   71   78   85
   90   93   93   93   93   93   95   96   97   96   94   91   89   88   88   89
   90   90   88   86   84   83   82   82   83
    52.5-180.0 180.0   5.0 450.0                            LAT/LON1/LON2/DLON/H
   85   86   86   85   83   78   71   64   57   51   46   44   43   44   45   46
   47   48   49   49   49   48   47   46   48   51   54   57   57   56   55   55
   56   56   55   52   50   48   46   45   46   48   52   59   67   76   84   91
   97  101  102  102  101  100  101  100  100   98   96   93   92   90   90   91
   91   91   90   88   87   86   85   85   85
    50.0-180.0 180.0   5.0 450.0                            LAT/LON1/LON2/DLON/H
   90   90   90   90   88   84   78   70   62   56   51   48   46   45   44   44
   45   46   47   47   47   47   46   46   48   52   56   59   59   57   56   57
   59   60   61   60   58   56   54   52   52   53   57   64   73   82   90   98
  104  108  110  110  109  107  106  104  102   99   97   96   94   93   93   93
   93   94   93   93   92   92   91   90   90
    47.5-180.0 180.0   5.0 450.0                            LAT/LON1/LON2/DLON/H
   96   95   95   94   92   89   84   77   69   62   57   54   51   48   46   44
   44   45   46   47   48   47   47   47   50   54   58   61   60   59   58   59
   61   64   66   66   65   63   61   59   58   59   63   70   79   88   97  105
  111  116  118  118  117  114  111  108  104  101   99   98   98   97   96   95
   96   97   98   99  100  100   99   98   96
    45.0-180.0 180.0   5.0 450.0                            LAT/LON1/LON2/DLON/H
  104  101   99   97   96   93   89   83   76   69   65   62   58   54   49   46
   45   45   47   49   50   50   49   49   51   56   60   62   62   60   60   61
   63   66   69   70   70   68   65   63   62   64   69   77   86   96  105  112
  118  123  125  126  124  121  117  113  108  104  102  101  101  101   99   98
   99  100  103  106  109  110  110  107  104
    42.5-180.0 180.0   5.0 450.0                            LAT/LON1/LON2/DLON/H
  113  108  103   99   97   96   93   88   82   76   73   70   66   60   54   50
   48   49   51   53   54   54   52   52   54   57   61   63   63   62   62   63
   65   68   70   72   72   70   67   65   65   68   75   84   94  103  112  119
  125  129  132  133  131  128  124  118  113  109  106  106  106  105  104  103
  103  105  109  114  119  122  121  118  113
    40.0-180.0 180.0   5.0 450.0                            LAT/LON1/LON2/DLON/H
  122  115  107  101   98   97   94   90   86   82   80   78   74   68   61   56
   54   54   56   59   60   59   57   56   56   58   61   63   64   63   64   65
   67   69   70   71   71   68   65   63   65   71   80   90  101  111  119  126
  131  135  138  139  138  135  131  125  120  115  112  111  111  110  109  108
  109  111  116  123  129  133  133  129  122
    37.5-180.0 180.0   5.0 450.0                            LAT/LON1/LON2/DLON/H
  132  122  112  104   99   97   95   92   89   87   86   85   81   75   68   63
   61   61   63   65   66   65   62   60   59   59   61   63   63   64   65   67
   68   69   69   69   67   64   61   60   64   73   84   96  107  117  125  132
  137  140  143  144  144  142  138  133  127  122  119  117  117  116  116  116
  117  120  125  132  139  144  144  140  132
    35.0-180.0 180.0   5.0 450.0                            LAT/LON1/LON2/DLON/H
  143  132  119  108  101   98   96   94   92   91   90   90   87   82   76   71
   69   68   69   71   71   70   67   65   62   61   61   62   63   64   66   68
   70   69   67   65   62   59   57   57   63   74   88  100  111  121  130  136
  141  144  146  148  149  148  145  140  135  130  126  123  123  123  125  127
  129  132  138  145  152  156  156  152  143
    32.5-180.0 180.0   5.0 450.0                            LAT/LON1/LON2/DLON/H
  156  143  128  114  105   99   97   95   95   94   94   94   93   89   84   80
   77   75   75   75   74   73   72   69   66   63   61   61   62   64   66   69
   70   69   66   62   58   55   54   56   64   76   91  104  114  124  132  139
  143  146  148  150  152  152  150  147  142  137  133  130  129  132  136  141
  145  149  155  161  167  171  170  165  156
    30.0-180.0 180.0   5.0 450.0                            LAT/LON1/LON2/DLON/H
  172  159  142  125  111  103   99   98   98   98   98   98   97   95   92   89
   85   82   79   76   75   75   75   74   69   65   61   60   60   62   65   69
   71   69   64   59   56   54   54   57   65   78   93  106  116  125  132  139
  142  145  148  151  154  156  155  153  149  144  140  136  137  142  150  159
  166  172  177  183  187  189  187  182  172
    27.5-180.0 180.0   5.0 450.0                            LAT/LON1/LON2/DLON/H
  192  179  160  140  123  111  105  102  102  102  102  102  101  100   98   96
   92   87   81   76   74   75   78   78   73   66   61   58   58   60   64   68
   70   68   63   58   55   55   56   59   67   80   94  106  115  123  130  135
  139  142  146  150  155  159  160  159  156  151  146  143  144  152  165  177
  188  197  203  208  211  210  207  202  192
    25.0-180.0 180.0   5.0 450.0                            LAT/LON1/LON2/DLON/H
  217  205  186  163  140  124  114  110  109  108  107  106  104  103  102  100
   95   89   82   75   72   74   79   80   75   67   61   57   55   57   61   65
   67   66   62   58   56   57   58   61   68   80   93  104  112  119  125  130
  135  139  144  150  157  162  165  165  162  158  153  150  152  163  179  196
  210  221  229  233  235  233  230  225  217
    22.5-180.0 180.0   5.0 450.0                            LAT/LON1/LON2/DLON/H
  244  236  219  193  165  143  130  123  119  116  113  110  107  104  102  100
   95   88   80   73   70   73   80   81   76   67   60   55   53   54   57   61
   64   63   60   57   57   57   59   61   67   78   90  100  107  113  119  125
  130  136  143  151  160  167  171  172  170  166  161  157  160  173  192  211
  227  240  249  255  256  255  252  249  244
    20.0-180.0 180.0   5.0 450.0                            LAT/LON1/LON2/DLON/H
  270  268  255  229  197  171  153  141  134  128  122  116  111  105  101   97
   92   85   77   71   69   73   79   81   75   66   58   52   50   50   53   57
   60   60   58   56   55   56   56   58   63   73   85   95  102  108  114  120
  127  135  145  155  166  174  179  181  178  174  168  164  168  182  202  221
  237  250  261  268  271  272  271  270  270
    17.5-180.0 180.0   5.0 450.0                            LAT/LON1/LON2/DLON/H
  290  294  288  263  230  202  181  166  154  144  134  125  116  108  101   95
   88   81   75   70   69   73   78   79   73   64   56   50   47   47   50   53
   55   56   55   53   51   51   50   52   57   67   79   90   98  105  111  119
  128  139  150  163  175  184  189  190  188  183  177  172  175  190  210  227
  239  251  261  270  277  280  282  285  290
    15.0-180.0 180.0   5.0 450.0                            LAT/LON1/LON2/DLON/H
  300  311  311  291  260  232  211  193  178  163  149  136  124  113  104   95
   87   79   74   71   71   75   78   77   71   62   54   48   44   44   46   49
   51   52   51   48   45   43   42   44   50   61   74   86   96  105  112  121
  132  145  158  172  185  195  200  201  199  193  187  181  184  198  217  230
  238  246  255  265  274  280  285  290  300
    12.5-180.0 180.0   5.0 450.0                            LAT/LON1/LON2/DLON/H
  298  313  318  305  280  255  235  218  200  183  166  150  136  123  111  101
   90   81   76   75   77   80   81   77   69   60   52   46   43   42   44   46
   48   48   47   43   38   35   34   36   44   56   71   85   97  107  116  126
  138  152  167  182  196  207  212  213  210  205  198  192  194  208  225  235
  237  240  247  257  267  275  281  287  298
    10.0-180.0 180.0   5.0 450.0                            LAT/LON1/LON2/DLON/H
  289  303  311  304  286  267  251  235  217  199  180  163  149  136  124  112
   99   89   84   84   86   88   86   79   69   59   51   45   42   41   42   44
   45   45   43   38   32   28   27   31   40   53   69   85  100  110  120  130
  143  158  175  191  207  219  225  226  223  218  210  204  205  219  235  242
  240  239  243  252  261  269  275  279  289
     7.5-180.0 180.0   5.0 450.0                            LAT/LON1/LON2/DLON/H
  279  289  296  293  280  266  253  240  225  208  191  174  161  149  138  126
  112  100   95   97  100  100   94   83   70   59   50   45   42   41   42   43
   44   44   41   35   28   24   23   28   38   52   69   86  102  114  123  134
  147  162  180  198  215  229  237  238  235  230  223  217  218  231  248  254
  250  247  248  253  260  267  270  273  279
     5.0-180.0 180.0   5.0 450.0                            LAT/LON1/LON2/DLON/H
  273  277  280  277  268  256  244  233  221  208  194  181  170  161  152  141
  127  115  110  112  114  112  104   89   72   60   51   45   43   42   42   43
   44   43   40   34   27   23   23   28   38   52   68   86  103  115  124  134
  147  162  181  201  222  238  247  248  245  240  234  227  228  242  259  267
  264  261  261  263  266  270  272  272  273
     2.5-180.0 180.0   5.0 450.0                            LAT/LON1/LON2/DLON/H
  278  275  271  265  255  242  230  219  209  200  190  180  173  168  162  154
  142  130  125  127  128  124  112   94   75   61   52   46   44   43   43   44
   45   44   40   34   28   25   25   30   38   51   67   85  101  112  122  131
  144  160  179  202  225  244  253  254  250  245  239  233  234  249  267  276
  276  275  275  276  276  278  280  280  278
