gLAB/files/cme/01_09_2019/jprg2440.19i
     1.0            IONOSPHERE MAPS     GPS                 IONEX VERSION / TYPE
GIM V3.0            JPL - GNISD         02-sep-2019 05:57   PGM / RUN BY / DATE 
JPL'S GLOBAL IONOSPHERE MAPS YEAR 2019 DAY 244              COMMENT             
Global Ionospheric Maps (GIM) are generated on an hourly    DESCRIPTION         
and daily basis at JPL using data from up to 100 GPS sites  DESCRIPTION         
of the IGS and others institutions.                         DESCRIPTION         
The vertical TEC is modeled in a solar-geomagnetic          DESCRIPTION         
reference frame using bi-cubic splines on a spherical grid. DESCRIPTION         
A Kalman filter is used to solve simultaneously for         DESCRIPTION         
instrumental biases and VTEC on the grid (as stochastic     DESCRIPTION         
parameters).                                                DESCRIPTION         
Contact Address:  gpsiono@cobra.jpl.nasa.gov .              DESCRIPTION         
  2019     9     1     0     0     0                        EPOCH OF FIRST MAP  
  2019     9     2     0     0     0                        EPOCH OF LAST MAP   
  7200                                                      INTERVAL            
    13                                                      # OF MAPS IN FILE   
  NONE                                                      MAPPING FUNCTION    
    10.0                                                    ELEVATION CUTOFF    
One-way carrier phase leveled to code                       OBSERVABLES USED    
   170                                                      # OF STATIONS       
    31                                                      # OF SATELLITES     
  6371.0                                                    BASE RADIUS         
     2                                                      MAP DIMENSION       
   450.0 450.0   0.0                                        HGT1 / HGT2 / DHGT  
    87.5 -87.5  -2.5                                        LAT1 / LAT2 / DLAT  
  -180.0 180.0   5.0                                        LON1 / LON2 / DLON  
    -1                                                      EXPONENT            
TEC/RMS values in 0.1 TECU; 9999, if no value available     COMMENT             
                                                            END OF HEADER       
[from data line 3861]
    10                                                      START OF TEC MAP    
  2019     9     1    18     0     0                        EPOCH OF CURRENT MAP
    87.5-180.0 180.0   5.0 450.0                            LAT/LON1/LON2/DLON/H
   65   66   66   66   67   67   68   68   69   69   70   70   70   71   71   71
   71   72   72   72   72   72   72   72   72   72   71   71   71   71   70   70
   70   70   69   69   69   69   68   68   68   67   67   67   67   66   66   66
   66   66   65   65   65   65   64   64   64   64   64   63   63   63   63   63
   63   63   63   64   64   64   64   65   65
    85.0-180.0 180.0   5.0 450.0                            LAT/LON1/LON2/DLON/H
   64   65   66   67   69   70   71   72   73   74   74   75   76   76   77   77
   77   77   77   77   77   77   77   77   76   76   75   75   74   73   73   72
   71   71   70   70   69   69   68   68   67   67   67   66   66   66   65   65
   65   65   64   64   64   63   63   62   62   61   60   60   60   59   59   59
   59   59   59   60   60   61   62   63   64
    82.5-180.0 180.0   5.0 450.0                            LAT/LON1/LON2/DLON/H
   65   67   69   71   73   75   77   78   79   80   81   82   83   83   84   84
   84   84   84   83   83   82   82   81   80   79   78   77   76   75   74   73
   72   71   71   70   69   68   68   67   67   66   66   66   65   65   65   65
   64   64   64   63   63   62   62   61   60   59   58   57   56   55   55   55
   55   55   56   56   58   59   61   63   65
    80.0-180.0 180.0   5.0 450.0                            LAT/LON1/LON2/DLON/H
   68   71   74   77   79   81   83   85   86   87   88   88   89   90   90   90
   91   90   90   89   89   88   87   85   84   83   81   80   78   77   75   74
   73   72   70   69   68   68   67   66   66   65   65   65   64   64   64   64
   64   64   64   63   63   62   61   60   58   57   55   54   53   52   51   51
   51   51   52   54   56   59   62   65   68
    77.5-180.0 180.0   5.0 450.0                            LAT/LON1/LON2/DLON/H
   71   75   78   82   84   86   88   89   90   91   92   93   94   95   95   96
   96   96   96   95   94   92   91   89   87   85   83   81   79   77   75   74
   72   71   70   69   68   67   66   65   64   64   63   63   63   63   63   63
   63   63   63   63   62   61   60   59   57   55   53   51   50   48   48   47
   48   48   50   52   56   59   63   67   71
    75.0-180.0 180.0   5.0 450.0                            LAT/LON1/LON2/DLON/H
   73   77   81   84   86   88   90   91   92   93   94   95   96   98   99  100
  100  100  100   99   98   96   94   91   89   86   84   81   79   77   75   73
   71   70   68   67   66   65   64   63   63   62   61   61   61   61   61   62
   62   63   63   62   62   61   59   57   55   53   50   48   47   46   45   45
   45   46   48   51   55   59   63   68   73
    72.5-180.0 180.0   5.0 450.0                            LAT/LON1/LON2/DLON/H
   71   76   80   83   86   88   89   90   91   92   93   94   96   98  100  101
  102  103  103  102  101   99   96   93   89   86   84   81   78   76   73   71
   69   68   66   65   64   63   62   61   60   59   58   57   57   58   58   59
   60   61   61   61   61   59   58   55   53   50   48   46   44   43   42   42
   43   44   46   49   53   57   62   67   71
    70.0-180.0 180.0   5.0 450.0                            LAT/LON1/LON2/DLON/H
   67   71   75   78   82   84   86   87   88   89   90   91   93   95   98  100
  102  103  104  104  103  101   97   93   90   86   83   80   77   75   72   70
   68   66   64   63   62   60   59   57   56   54   53   53   53   53   55   56
   57   59   59   60   59   57   55   53   50   48   46   44   43   41   40   40
   41   42   44   47   50   54   58   62   67
    67.5-180.0 180.0   5.0 450.0                            LAT/LON1/LON2/DLON/H
   60   64   68   72   76   80   82   84   84   85   85   86   88   90   93   95
   98  101  104  105  104  102   98   94   90   86   83   80   77   74   72   69
   67   64   63   61   60   58   56   54   51   49   48   47   48   49   51   53
   54   56   57   57   56   54   52   50   48   46   44   43   41   40   39   38
   39   40   42   44   47   50   53   56   60
    65.0-180.0 180.0   5.0 450.0                            LAT/LON1/LON2/DLON/H
   53   56   61   66   71   75   78   80   80   80   80   81   82   84   87   90
   93   98  102  105  105  102   98   93   89   86   82   79   77   74   71   69
   66   64   61   60   58   56   53   50   47   45   43   43   44   45   48   50
   52   53   54   53   52   50   47   45   44   43   43   42   40   38   37   36
   36   37   39   41   43   46   48   50   53
    62.5-180.0 180.0   5.0 450.0                            LAT/LON1/LON2/DLON/H
   48   51   55   61   67   72   75   77   76   76   75   76   77   78   81   84
   88   94  100  103  104  102   98   93   89   85   82   80   77   75   72   70
   67   64   61   59   57   55   52   49   45   42   41   41   42   44   47   49
   51   52   51   50   48   45   43   41   41   41   42   41   40   37   35   34
   33   34   36   38   40   42   44   46   48
    60.0-180.0 180.0   5.0 450.0                            LAT/LON1/LON2/DLON/H
   46   49   53   59   65   70   74   75   74   73   72   73   73   75   77   80
   85   91   97  102  103  101   97   92   89   86   83   81   79   76   74   72
   69   65   62   60   57   55   53   49   46   43   42   43   45   47   50   51
   52   52   50   48   45   42   39   38   39   40   41   41   40   37   34   32
   32   33   35   37   39   41   43   44   46
    57.5-180.0 180.0   5.0 450.0                            LAT/LON1/LON2/DLON/H
   48   51   55   61   66   71   74   74   73   72   72   72   73   74   75   78
   82   88   95  100  101   99   95   91   88   86   84   83   81   80   78   75
   72   68   64   62   59   57   55   52   50   48   48   50   52   54   55   56
   55   53   51   48   44   41   38   37   38   40   42   42   40   37   34   31
   31   32   34   37   40   42   44   46   48
    55.0-180.0 180.0   5.0 450.0                            LAT/LON1/LON2/DLON/H
   52   56   60   65   70   74   76   76   75   73   73   74   75   76   77   78
   82   87   93   97   98   96   93   90   89   88   87   86   85   84   82   80
   76   72   68   65   63   62   60   59   57   57   58   60   62   63   64   62
   60   57   54   50   47   43   41   40   41   42   44   44   42   38   35   32
   32   33   36   39   42   44   47   49   52
    52.5-180.0 180.0   5.0 450.0                            LAT/LON1/LON2/DLON/H
   57   62   66   70   74   77   79   79   78   77   76   77   78   79   80   81
   83   87   91   94   95   93   91   89   89   90   90   90   89   89   87   85
   82   77   74   71   69   68   68   67   67   68   70   72   74   75   73   70
   66   63   59   56   53   50   48   46   46   46   46   46   44   41   37   35
   35   37   40   43   46   48   50   54   57
    50.0-180.0 180.0   5.0 450.0                            LAT/LON1/LON2/DLON/H
   62   67   71   74   78   81   83   84   83   82   81   82   83   84   84   84
   86   88   91   92   92   90   89   89   91   92   93   94   94   93   92   90
   87   83   80   78   77   77   78   78   79   81   84   86   87   86   83   78
   74   70   67   64   62   60   57   55   53   51   50   48   46   44   41   40
   40   42   45   48   50   51   53   57   62
    47.5-180.0 180.0   5.0 450.0                            LAT/LON1/LON2/DLON/H
   65   70   74   77   80   84   87   89   89   88   87   88   88   89   89   89
   90   91   91   92   91   89   89   90   93   95   97   97   97   97   96   94
   91   89   87   87   87   88   90   91   92   94   98  100  100   97   92   86
   81   77   75   73   72   70   67   64   60   57   54   52   50   48   46   45
   46   48   51   54   55   55   56   59   65
    45.0-180.0 180.0   5.0 450.0                            LAT/LON1/LON2/DLON/H
   66   71   74   76   80   85   90   93   95   95   94   93   94   94   95   95
   95   95   95   93   92   90   91   93   96   99  100  100  100   99   98   97
   96   95   96   97   99  102  104  105  106  109  111  113  111  107  101   94
   88   84   82   82   81   79   76   72   67   62   58   55   53   52   51   51
   52   55   58   59   59   57   57   60   66
    42.5-180.0 180.0   5.0 450.0                            LAT/LON1/LON2/DLON/H
   66   70   72   74   77   83   90   97  100  101  101  100   99  100  101  102
  102  101  100   98   96   95   95   98  101  103  103  102  102  101  101  100
  101  103  106  110  114  118  120  121  122  123  124  125  122  116  109  101
   95   91   89   89   87   85   82   78   73   68   63   60   57   56   55   56
   57   60   63   64   62   59   58   61   66
    40.0-180.0 180.0   5.0 450.0                            LAT/LON1/LON2/DLON/H
   65   69   70   70   73   80   90   99  105  108  108  106  105  106  107  109
  110  109  107  104  102  101  102  104  107  108  107  106  105  104  104  105
  107  111  118  124  131  136  139  138  137  137  136  135  131  124  116  108
  101   97   95   94   92   89   85   82   77   72   68   64   61   59   59   60
   62   64   66   66   64   60   58   61   65
    37.5-180.0 180.0   5.0 450.0                            LAT/LON1/LON2/DLON/H
   65   68   68   67   70   78   89  100  110  114  115  113  112  112  113  115
  117  116  114  111  109  108  109  112  114  115  113  111  109  108  109  111
  115  123  132  141  150  156  158  156  152  149  147  143  137  129  121  113
  107  102  100   97   94   90   87   84   80   76   72   68   65   62   62   63
   65   67   69   68   65   61   59   61   65
    35.0-180.0 180.0   5.0 450.0                            LAT/LON1/LON2/DLON/H
   66   69   68   67   69   76   88  102  114  121  122  121  119  118  119  121
  122  122  120  118  116  115  116  119  122  123  122  119  117  116  116  120
  127  137  148  160  169  175  176  172  166  160  155  148  141  133  125  117
  111  106  102   99   94   89   86   84   82   79   75   72   68   65   64   65
   67   69   69   68   65   62   61   63   66
    32.5-180.0 180.0   5.0 450.0                            LAT/LON1/LON2/DLON/H
   68   70   70   69   71   78   90  105  118  127  130  128  126  124  124  125
  126  126  125  123  121  121  122  125  131  134  134  131  128  127  128  133
  142  154  167  179  188  192  191  185  177  168  160  151  141  133  126  119
  112  107  103   98   93   87   84   83   82   81   78   74   70   66   64   65
   67   68   69   67   65   62   62   64   68
    30.0-180.0 180.0   5.0 450.0                            LAT/LON1/LON2/DLON/H
   69   73   74   74   75   81   93  108  123  133  137  136  133  131  130  130
  130  130  129  127  126  125  126  131  140  147  150  148  144  143  145  151
  162  175  188  199  205  206  203  194  184  173  161  149  139  131  124  117
  111  106  101   96   90   84   81   81   81   81   79   76   71   66   63   63
   65   66   67   66   64   62   62   65   69
    27.5-180.0 180.0   5.0 450.0                            LAT/LON1/LON2/DLON/H
   71   77   80   80   82   87   98  112  127  138  143  144  142  139  137  137
  136  136  135  134  132  131  132  138  150  162  168  167  165  164  168  176
  188  201  212  219  220  217  210  200  187  174  159  145  133  125  118  113
  107  103   98   92   86   80   78   78   80   80   79   76   70   65   61   60
   62   63   64   63   62   61   61   65   71
    25.0-180.0 180.0   5.0 450.0                            LAT/LON1/LON2/DLON/H
   73   81   86   88   90   94  104  117  131  143  150  152  151  150  148  147
  146  147  147  145  142  140  140  147  162  179  189  189  189  191  197  207
  220  232  239  239  234  225  214  200  186  170  153  136  124  116  110  105
  101   97   92   87   81   76   74   75   77   78   78   75   69   63   59   57
   58   60   61   61   60   59   60   65   73
    22.5-180.0 180.0   5.0 450.0                            LAT/LON1/LON2/DLON/H
   75   86   93   97   99  103  111  123  136  148  156  160  162  163  163  162
  163  165  167  164  160  155  154  161  178  198  210  213  216  223  233  245
  256  264  265  257  245  231  215  197  179  160  141  124  112  104  100   96
   93   90   86   81   76   72   70   71   73   75   75   72   67   61   56   53
   54   56   58   58   57   56   58   65   75
    20.0-180.0 180.0   5.0 450.0                            LAT/LON1/LON2/DLON/H
   77   90  100  105  108  112  119  129  141  153  162  169  174  178  180  182
  185  191  195  192  186  178  175  181  198  219  232  238  245  257  270  283
  292  294  287  271  252  233  213  190  167  146  126  110   99   92   89   86
   84   82   79   75   71   68   67   68   69   70   70   68   64   59   53   50
   51   53   55   56   55   54   56   64   77
    17.5-180.0 180.0   5.0 450.0                            LAT/LON1/LON2/DLON/H
   78   94  106  114  118  122  128  137  148  159  169  177  186  194  200  205
  211  221  228  226  217  207  201  205  221  240  253  261  272  289  305  317
  321  316  301  278  254  232  209  181  155  131  112   96   87   81   78   77
   76   76   74   71   67   64   63   64   65   65   65   63   60   56   51   48
   48   51   53   54   54   53   55   64   78
    15.0-180.0 180.0   5.0 450.0                            LAT/LON1/LON2/DLON/H
   79   97  112  122  128  132  138  146  155  166  176  186  198  210  221  229
  239  253  262  261  250  237  229  231  244  260  272  281  295  314  331  341
  339  326  304  277  251  230  206  175  145  120  100   86   78   73   70   69
   69   70   69   66   64   62   61   61   61   61   59   58   56   53   49   47
   47   49   52   53   53   52   54   64   79
    12.5-180.0 180.0   5.0 450.0                            LAT/LON1/LON2/DLON/H
   80   99  117  130  137  142  148  155  164  174  184  194  209  226  241  253
  266  282  294  292  280  266  256  255  266  278  287  296  310  329  344  350
  343  324  298  270  246  228  206  174  141  115   96   82   73   67   63   62
   63   65   65   63   61   60   59   59   58   56   54   53   52   50   48   46
   46   49   51   53   53   52   54   64   80
    10.0-180.0 180.0   5.0 450.0                            LAT/LON1/LON2/DLON/H
   80  101  121  136  146  152  159  166  174  184  192  203  220  240  260  275
  291  307  318  317  305  291  279  276  283  293  299  305  317  332  345  348
  336  313  286  261  243  230  211  181  148  120   99   84   73   65   59   57
   58   61   62   60   59   59   59   58   56   54   51   49   49   48   47   46
   46   48   51   53   53   52   54   64   80
     7.5-180.0 180.0   5.0 450.0                            LAT/LON1/LON2/DLON/H
   80  102  125  142  154  162  169  177  186  195  202  212  230  254  276  294
  310  324  333  332  322  308  296  292  296  303  306  309  317  328  338  338
  324  300  275  255  243  237  224  196  162  133  108   89   75   64   57   53
   55   58   59   58   58   58   59   58   56   52   48   46   46   47   46   46
   47   49   52   54   54   52   55   63   80
     5.0-180.0 180.0   5.0 450.0                            LAT/LON1/LON2/DLON/H
   79  102  127  146  160  170  179  188  199  208  214  223  241  265  289  308
  323  334  340  339  331  318  307  303  305  309  311  312  316  322  328  326
  311  289  269  256  251  250  240  214  181  148  119   96   78   65   56   52
   53   56   57   57   57   59   60   59   56   52   47   45   45   46   46   47
   48   50   52   54   54   52   54   63   79
     2.5-180.0 180.0   5.0 450.0                            LAT/LON1/LON2/DLON/H
   79  102  128  149  164  176  187  199  211  221  227  234  251  275  297  314
  327  334  337  336  331  321  312  308  311  314  314  313  315  318  321  316
  302  284  270  263  263  264  255  230  196  160  128  100   80   66   57   53
   53   55   56   56   57   59   60   60   57   52   47   44   44   45   47   48
   49   51   53   54   54   52   54   63   79
