gLAB/files/cme/01_09_2019/jprg2440.19i
     1.0            IONOSPHERE MAPS     GPS                 IONEX VERSION / TYPE
GIM V3.0            JPL - GNISD         02-sep-2019 05:57   PGM / RUN BY / DATE 
JPL'S GLOBAL IONOSPHERE MAPS YEAR 2019 DAY 244              COMMENT             
Global Ionospheric Maps (GIM) are generated on an hourly    DESCRIPTION         
and daily basis at JPL using data from up to 100 GPS sites  DESCRIPTION         
of the IGS and others institutions.                         DESCRIPTION         
The vertical TEC is modeled in a solar-geomagnetic          DESCRIPTION         
reference frame using bi-cubic splines on a spherical grid. DESCRIPTION         
A Kalman filter is used to solve simultaneously for         DESCRIPTION         
instrumental biases and VTEC on the grid (as stochastic     DESCRIPTION         
parameters).                                                DESCRIPTION         
Contact Address:  gpsiono@cobra.jpl.nasa.gov .              DESCRIPTION         
  2019     9     1     0     0     0                        EPOCH OF FIRST MAP  
  2019     9     2     0     0     0                        EPOCH OF LAST MAP   
  7200                                                      INTERVAL            
    13                                                      # OF MAPS IN FILE   
  NONE                                                      MAPPING FUNCTION    
    10.0                                                    ELEVATION CUTOFF    
One-way carrier phase leveled to code                       OBSERVABLES USED    
   170                                                      # OF STATIONS       
    31                                                      # OF SATELLITES     
  6371.0                                                    BASE RADIUS         
     2                                                      MAP DIMENSION       
   450.0 450.0   0.0                                        HGT1 / HGT2 / DHGT  
    87.5 -87.5  -2.5                                        LAT1 / LAT2 / DLAT  
  -180.0 180.0   5.0                                        LON1 / LON2 / DLON  
    -1                                                      EXPONENT            
TEC/RMS values in 0.1 TECU; 9999, if no value available     COMMENT             
                                                            END OF HEADER       
[from data line 2574]
     7                                                      START OF TEC MAP    
  2019     9     1    12     0     0                        EPOCH OF CURRENT MAP
    87.5-180.0 180.0   5.0 450.0                            LAT/LON1/LON2/DLON/H
   70   69   69   69   68   68   68   68   68   67   67   67   67   67   68   68
   68   68   68   68   68   69   69   69   69   69   69   69   70   70   70   70
   70   70   70   70   70   71   71   71   71   71   72   72   72   72   73   73
   73   73   74   74   74   74   74   74   74   74   74   74   74   74   73   73
   73   72   72   72   71   71   70   70   70
    85.0-180.0 180.0   5.0 450.0                            LAT/LON1/LON2/DLON/H
   69   68   67   67   66   66   65   65   65   65   65   65   65   65   65   66
   66   67   67   68   68   69   69   69   70   70   70   70   70   70   70   70
   70   70   70   70   70   70   71   71   71   71   72   72   73   74   74   75
   75   76   77   77   78   78   79   79   79   79   79   79   78   78   77   77
   76   75   74   73   72   71   70   70   69
    82.5-180.0 180.0   5.0 450.0                            LAT/LON1/LON2/DLON/H
   69   68   67   66   65   65   64   64   63   63   63   63   63   63   64   65
   65   66   67   68   69   70   70   71   72   72   72   72   72   72   72   72
   72   71   71   71   71   70   70   70   71   71   72   72   73   74   75   76
   77   78   79   80   81   82   82   83   83   83   83   83   82   81   80   79
   78   77   76   74   73   72   71   70   69
    80.0-180.0 180.0   5.0 450.0                            LAT/LON1/LON2/DLON/H
   69   68   67   67   66   65   64   63   63   62   62   61   62   62   62   63
   64   65   67   68   69   71   72   73   74   75   75   75   75   75   75   74
   74   73   73   72   71   71   70   70   70   71   71   72   73   74   75   76
   77   79   80   81   83   83   84   85   85   85   85   84   83   82   81   80
   79   77   76   75   73   72   71   70   69
    77.5-180.0 180.0   5.0 450.0                            LAT/LON1/LON2/DLON/H
   69   69   68   68   67   66   65   64   63   62   61   60   60   60   60   61
   62   64   66   68   69   71   73   75   76   77   78   78   78   78   78   78
   77   76   75   74   73   72   71   71   70   70   70   71   72   73   74   75
   77   78   80   81   82   83   83   84   84   83   83   82   81   80   79   78
   76   75   74   73   72   71   70   70   69
    75.0-180.0 180.0   5.0 450.0                            LAT/LON1/LON2/DLON/H
   68   68   68   68   68   67   66   65   63   61   60   59   58   58   58   59
   60   62   64   66   69   71   73   75   77   78   79   80   80   80   80   80
   80   80   79   78   76   75   73   72   71   70   70   71   71   72   73   74
   75   76   77   78   79   79   80   79   79   78   77   76   75   74   73   72
   71   71   70   69   69   68   68   68   68
    72.5-180.0 180.0   5.0 450.0                            LAT/LON1/LON2/DLON/H
   63   64   66   67   68   68   67   66   64   62   60   58   57   57   57   58
   59   60   63   65   68   70   73   75   77   79   80   80   81   81   81   81
   81   82   82   81   79   78   76   74   72   71   70   70   71   71   72   73
   73   74   74   75   75   75   75   74   73   72   70   69   67   66   65   65
   65   64   64   64   63   62   62   62   63
    70.0-180.0 180.0   5.0 450.0                            LAT/LON1/LON2/DLON/H
   55   58   61   64   66   67   67   66   64   62   61   59   58   57   57   57
   58   60   61   64   66   69   72   75   77   78   79   80   80   80   80   80
   81   82   83   83   82   80   78   76   74   72   71   71   71   71   71   72
   72   72   72   71   71   70   70   69   67   65   64   62   60   58   58   57
   58   58   57   57   56   55   54   54   55
    67.5-180.0 180.0   5.0 450.0                            LAT/LON1/LON2/DLON/H
   47   50   54   59   62   65   66   65   64   63   61   60   59   59   58   59
   59   60   61   63   65   67   70   73   76   77   78   78   77   77   77   78
   79   81   82   83   82   81   79   77   74   73   72   72   72   72   72   71
   71   70   69   68   68   67   66   65   63   61   59   56   54   52   52   51
   51   52   51   50   48   47   45   45   47
    65.0-180.0 180.0   5.0 450.0                            LAT/LON1/LON2/DLON/H
   39   43   48   53   58   61   63   63   63   62   61   60   60   60   60   60
   60   61   61   62   64   66   69   71   74   75   75   75   74   74   74   75
   77   79   80   81   81   80   78   76   75   74   73   73   73   73   73   72
   71   69   68   67   66   65   64   63   62   60   57   54   52   49   48   48
   48   47   47   45   43   40   38   37   39
    62.5-180.0 180.0   5.0 450.0                            LAT/LON1/LON2/DLON/H
   33   37   42   48   54   58   60   60   60   59   59   58   59   60   61   61
   61   61   61   62   62   64   67   70   72   73   73   72   72   72   72   73
   75   77   78   79   79   78   77   76   75   75   75   76   76   76   76   75
   73   70   68   67   66   65   65   64   63   61   59   55   52   49   47   46
   46   46   45   43   40   36   34   32   33
    60.0-180.0 180.0   5.0 450.0                            LAT/LON1/LON2/DLON/H
   31   34   39   45   50   54   56   56   56   55   54   54   55   58   60   61
   62   61   61   61   61   63   65   68   70   71   71   71   70   70   71   73
   75   77   78   78   77   76   76   75   76   77   78   80   81   81   81   79
   76   73   70   69   68   67   67   67   66   64   62   59   55   51   49   48
   47   47   45   43   40   37   33   31   31
    57.5-180.0 180.0   5.0 450.0                            LAT/LON1/LON2/DLON/H
   33   35   38   43   48   51   52   52   51   49   48   48   50   53   57   59
   60   60   60   59   60   61   64   66   69   70   71   71   71   72   73   75
   77   79   79   78   77   76   76   76   78   80   83   85   87   87   87   84
   81   77   74   72   71   71   71   71   70   69   67   63   59   56   53   51
   50   49   48   46   43   40   36   33   33
    55.0-180.0 180.0   5.0 450.0                            LAT/LON1/LON2/DLON/H
   36   37   39   43   46   48   49   48   46   44   42   42   44   48   53   56
   57   57   57   57   58   60   63   66   69   71   72   73   74   75   77   79
   81   82   82   81   80   79   79   80   83   86   89   92   94   95   94   91
   88   84   80   78   77   77   77   77   76   74   72   68   65   61   59   57
   55   54   52   50   48   45   41   38   36
    52.5-180.0 180.0   5.0 450.0                            LAT/LON1/LON2/DLON/H
   41   40   41   43   45   46   46   45   42   39   37   37   39   44   48   52
   54   54   54   55   56   59   62   66   70   73   75   77   79   80   82   84
   86   87   87   86   86   85   86   87   90   94   97  100  102  102  102   99
   96   92   88   86   85   85   84   83   81   79   77   74   71   68   66   64
   63   60   58   55   53   50   47   43   41
    50.0-180.0 180.0   5.0 450.0                            LAT/LON1/LON2/DLON/H
   45   43   43   44   45   45   44   43   40   38   35   35   37   40   45   48
   50   51   51   52   55   58   63   68   72   76   80   82   85   86   88   90
   91   93   93   94   94   95   96   97   99  103  106  108  110  110  110  108
  105  101   97   95   94   93   92   90   87   85   82   80   78   76   74   73
   70   67   64   61   58   55   52   48   45
    47.5-180.0 180.0   5.0 450.0                            LAT/LON1/LON2/DLON/H
   49   47   45   45   45   44   44   42   41   39   37   36   37   39   43   46
   47   48   50   52   54   58   64   70   76   80   84   88   90   92   93   94
   95   97   99  101  104  106  107  109  110  113  115  117  117  117  117  116
  114  110  107  104  102  101   99   97   93   90   88   86   85   83   82   81
   78   74   70   66   62   59   56   53   49
    45.0-180.0 180.0   5.0 450.0                            LAT/LON1/LON2/DLON/H
   53   50   47   46   45   44   44   43   43   42   41   39   39   41   43   45
   47   48   50   52   56   60   67   74   80   84   89   93   95   97   97   97
   99  102  105  109  114  117  119  121  122  123  124  125  124  124  124  124
  122  119  115  112  110  108  106  102   99   96   94   92   91   90   89   87
   85   81   76   71   67   64   60   57   53
    42.5-180.0 180.0   5.0 450.0                            LAT/LON1/LON2/DLON/H
   57   53   49   46   45   44   45   45   47   47   46   45   43   43   45   46
   48   50   53   55   59   64   71   78   84   89   93   97  100  100  100   99
  101  106  111  117  123  128  131  133  133  134  133  132  131  130  130  129
  128  125  121  118  115  113  110  106  103  101  100   98   97   95   93   92
   90   86   82   77   73   68   64   61   57
    40.0-180.0 180.0   5.0 450.0                            LAT/LON1/LON2/DLON/H
   60   55   51   47   45   45   46   49   52   53   53   51   49   47   47   48
   51   53   56   59   63   68   76   83   89   93   96  100  103  103  102  102
  104  110  117  125  131  137  141  144  144  144  141  139  137  135  134  134
  132  128  124  121  118  116  113  110  108  106  105  104  101   99   96   94
   93   91   88   84   79   74   69   64   60
    37.5-180.0 180.0   5.0 450.0                            LAT/LON1/LON2/DLON/H
   62   57   52   48   46   46   48   52   57   60   61   59   55   52   51   52
   54   57   61   64   68   73   81   88   94   96   99  103  105  106  105  105
  108  115  123  132  139  145  150  153  154  152  149  145  141  139  138  136
  134  130  126  123  121  118  115  113  112  112  110  108  104  100   96   94
   94   94   93   90   85   79   73   67   62
    35.0-180.0 180.0   5.0 450.0                            LAT/LON1/LON2/DLON/H
   64   59   53   49   47   48   51   56   62   66   68   66   62   57   55   55
   57   60   64   68   72   78   86   93   97   99  101  104  107  107  107  108
  113  121  131  140  147  153  158  162  163  160  154  149  145  142  141  139
  136  132  128  126  124  121  119  117  117  116  114  110  105   99   95   93
   94   96   97   95   91   84   77   70   64
    32.5-180.0 180.0   5.0 450.0                            LAT/LON1/LON2/DLON/H
   66   60   55   51   49   50   53   59   65   71   73   72   67   62   59   59
   60   62   66   71   76   82   89   96   99  100  101  104  107  108  110  113
  120  130  139  148  155  161  166  170  170  165  159  153  149  146  144  142
  140  136  133  131  130  127  125  123  122  120  116  109  103   97   92   90
   92   96   98   97   93   87   79   72   66
    30.0-180.0 180.0   5.0 450.0                            LAT/LON1/LON2/DLON/H
   66   61   57   53   51   52   55   60   67   72   76   75   71   66   63   61
   62   63   66   72   78   85   92   97   99  100  101  104  107  110  113  119
  129  139  150  158  164  170  175  177  176  170  163  157  153  150  149  148
  147  145  143  141  139  137  134  131  129  124  116  107   99   93   88   86
   89   93   96   96   93   87   80   72   66
    27.5-180.0 180.0   5.0 450.0                            LAT/LON1/LON2/DLON/H
   67   63   60   57   55   55   56   60   65   71   74   75   72   68   65   64
   63   63   66   72   80   87   93   97   99   99  101  104  109  113  119  128
  140  151  161  169  175  180  183  185  182  176  169  162  158  155  155  156
  157  158  157  154  152  149  146  143  138  129  116  104   95   88   84   83
   85   89   91   90   88   84   78   72   67
    25.0-180.0 180.0   5.0 450.0                            LAT/LON1/LON2/DLON/H
   69   66   65   64   62   60   59   60   63   66   70   71   70   67   66   65
   64   63   66   72   81   88   94   98   99  100  102  106  112  119  128  140
  153  166  175  181  186  190  193  193  190  184  177  170  165  162  163  166
  171  174  174  172  169  166  161  156  148  134  116  101   91   85   81   79
   81   84   85   84   81   79   76   72   69
    22.5-180.0 180.0   5.0 450.0                            LAT/LON1/LON2/DLON/H
   70   70   72   73   71   67   63   60   60   62   64   65   66   65   66   66
   64   63   66   73   82   89   94   98  100  101  105  111  119  128  140  154
  169  181  189  194  197  200  202  201  199  194  189  182  175  171  172  178
  186  192  193  191  188  185  180  173  160  141  119  100   89   83   79   77
   78   80   80   77   75   74   74   72   70
    20.0-180.0 180.0   5.0 450.0                            LAT/LON1/LON2/DLON/H
   73   75   81   84   82   77   70   63   59   58   59   60   62   63   65   66
   65   64   66   74   82   90   95  100  103  105  110  118  128  140  155  171
  186  198  204  206  208  209  210  210  209  208  204  196  186  181  183  190
  200  209  213  212  210  207  201  191  174  150  123  102   90   84   80   77
   77   78   77   73   71   71   73   73   73
    17.5-180.0 180.0   5.0 450.0                            LAT/LON1/LON2/DLON/H
   75   80   89   95   94   88   79   69   62   58   57   57   59   62   65   66
   65   65   68   75   83   90   96  102  107  111  117  127  139  154  170  187
  203  214  219  218  217  217  217  219  221  223  220  211  199  192  193  201
  213  225  231  233  232  229  222  209  188  160  129  106   93   87   82   79
   78   79   77   74   72   73   75   75   75
    15.0-180.0 180.0   5.0 450.0                            LAT/LON1/LON2/DLON/H
   78   84   95  104  104   98   88   76   68   62   60   59   60   63   66   67
   66   66   70   77   85   91   98  106  112  118  125  136  152  169  187  204
  219  229  232  229  225  223  224  228  234  238  236  226  213  204  205  212
  225  238  247  251  253  250  242  226  201  169  136  111   98   91   85   81
   81   81   81   79   77   78   79   78   78
    12.5-180.0 180.0   5.0 450.0                            LAT/LON1/LON2/DLON/H
   80   86   98  108  110  105   95   83   74   69   66   65   65   67   68   68
   66   67   72   79   86   92  100  109  118  125  134  147  164  183  201  218
  232  242  243  239  233  230  231  238  248  254  251  239  225  216  215  221
  233  247  257  264  268  266  257  238  211  177  142  116  103   95   89   84
   83   85   86   86   85   86   85   82   80
    10.0-180.0 180.0   5.0 450.0                            LAT/LON1/LON2/DLON/H
   82   86   96  106  109  105   97   88   81   77   74   72   72   73   72   70
   67   68   74   81   88   94  102  112  122  131  141  156  176  197  214  229
  242  251  252  247  240  237  240  250  263  269  264  250  234  224  222  227
  238  251  263  271  275  273  264  245  217  182  147  121  107   98   91   87
   86   87   90   92   93   94   92   86   82
     7.5-180.0 180.0   5.0 450.0                            LAT/LON1/LON2/DLON/H
   85   85   93   99  101   99   94   88   84   83   81   80   79   78   76   71
   67   69   75   83   90   97  104  115  126  137  148  164  186  207  224  237
  248  257  258  253  247  245  250  264  278  282  272  255  238  228  225  228
  237  250  261  269  273  271  262  243  217  184  151  125  110  100   93   88
   87   89   93   97  100  101   98   91   85
     5.0-180.0 180.0   5.0 450.0                            LAT/LON1/LON2/DLON/H
   88   86   89   92   91   90   88   85   84   85   85   84   84   82   78   71
   66   69   76   85   93   99  107  117  129  141  153  170  193  215  230  240
  250  258  260  256  252  253  261  276  290  289  274  252  236  226  222  224
  232  242  252  259  262  260  251  235  212  182  151  127  111  101   94   89
   87   89   93   99  104  106  104   97   88
     2.5-180.0 180.0   5.0 450.0                            LAT/LON1/LON2/DLON/H
   95   89   87   85   83   81   80   80   82   83   84   85   84   83   78   70
   65   68   77   87   95  102  109  119  131  143  156  174  196  217  231  240
  248  255  257  256  255  259  269  283  294  288  266  241  224  214  211  214
  221  231  239  243  244  241  234  221  201  176  148  126  110  100   93   89
   86   87   92   98  105  109  109  103   95
