gLAB/files/cme/01_09_2019/jprg2440.19i
     1.0            IONOSPHERE MAPS     GPS                 IONEX VERSION / TYPE
GIM V3.0            JPL - GNISD         02-sep-2019 05:57   PGM / RUN BY / DATE 
JPL'S GLOBAL IONOSPHERE MAPS YEAR 2019 DAY 244              COMMENT             
Global Ionospheric Maps (GIM) are generated on an hourly    DESCRIPTION         
and daily basis at JPL using data from up to 100 GPS sites  DESCRIPTION         
of the IGS and others institutions.                         DESCRIPTION         
The vertical TEC is modeled in a solar-geomagnetic          DESCRIPTION         
reference frame using bi-cubic splines on a spherical grid. DESCRIPTION         
A Kalman filter is used to solve simultaneously for         DESCRIPTION         
instrumental biases and VTEC on the grid (as stochastic     DESCRIPTION         
parameters).                                                DESCRIPTION         
Contact Address:  gpsiono@cobra.jpl.nasa.gov .              DESCRIPTION         
  2019     9     1     0     0     0                        EPOCH OF FIRST MAP  
  2019     9     2     0     0     0                        EPOCH OF LAST MAP   
  7200                                                      INTERVAL            
    13                                                      # OF MAPS IN FILE   
  NONE                                                      MAPPING FUNCTION    
    10.0                                                    ELEVATION CUTOFF    
One-way carrier phase leveled to code                       OBSERVABLES USED    
   170                                                      # OF STATIONS       
    31                                                      # OF SATELLITES     
  6371.0                                                    BASE RADIUS         
     2                                                      MAP DIMENSION       
   450.0 450.0   0.0                                        HGT1 / HGT2 / DHGT  
    87.5 -87.5  -2.5                                        LAT1 / LAT2 / DLAT  
  -180.0 180.0   5.0                                        LON1 / LON2 / DLON  
    -1                                                      EXPONENT            
TEC/RMS values in 0.1 TECU; 9999, if no value available     COMMENT             
                                                            END OF HEADER       
[from data line 4290]
    11                                                      START OF TEC MAP    
  2019     9     1    20     0     0                        EPOCH OF CURRENT MAP
    87.5-180.0 180.0   5.0 450.0                            LAT/LON1/LON2/DLON/H
   79   80   80   80   81   81   81   81   81   81   81   81   81   81   81   81
   80   80   80   80   80   79   79   79   78   78   78   77   77   77   76   76
   76   75   75   75   74   74   74   73   73   73   72   72   71   71   71   71
   70   70   70   70   70   70   70   71   71   71   72   72   73   73   74   74
   75   76   76   77   77   78   78   79   79
    85.0-180.0 180.0   5.0 450.0                            LAT/LON1/LON2/DLON/H
   83   83   84   84   85   85   85   85   85   85   85   85   85   84   84   84
   84   83   83   82   82   81   81   80   80   79   79   79   78   78   78   78
   77   77   76   76   76   75   75   74   73   73   72   71   70   69   68   67
   67   66   65   65   65   65   65   65   66   66   67   68   69   71   72   73
   75   76   77   78   80   81   81   82   83
    82.5-180.0 180.0   5.0 450.0                            LAT/LON1/LON2/DLON/H
   85   86   86   87   87   87   87   87   87   87   87   87   86   86   86   85
   85   84   84   83   83   82   82   81   80   80   80   79   79   79   79   78
   78   78   78   77   77   77   76   76   75   74   73   72   71   69   68   66
   65   63   62   61   60   60   60   60   61   62   63   65   67   68   70   72
   74   76   78   80   81   83   84   85   85
    80.0-180.0 180.0   5.0 450.0                            LAT/LON1/LON2/DLON/H
   86   87   87   87   87   87   88   88   88   87   87   87   87   87   86   86
   85   85   84   83   82   82   81   81   80   80   79   79   78   78   78   77
   77   77   77   77   76   76   76   76   76   76   75   74   72   71   69   67
   65   63   61   59   58   57   57   57   58   59   61   62   64   67   69   71
   74   76   78   80   82   83   84   85   86
    77.5-180.0 180.0   5.0 450.0                            LAT/LON1/LON2/DLON/H
   85   86   86   86   86   86   86   86   87   87   87   87   87   87   86   86
   85   84   83   82   81   80   80   79   79   78   78   77   77   77   76   76
   75   75   74   74   74   74   75   75   75   75   75   74   73   71   69   67
   65   63   61   59   58   58   57   57   58   59   60   62   63   65   68   70
   73   75   77   79   81   82   84   84   85
    75.0-180.0 180.0   5.0 450.0                            LAT/LON1/LON2/DLON/H
   83   83   84   84   84   84   84   84   85   85   86   86   87   87   87   86
   85   84   82   81   79   78   77   77   76   76   76   75   75   75   74   74
   73   72   72   71   71   71   71   71   72   72   72   72   71   70   68   66
   64   63   61   61   60   60   60   60   60   61   61   62   63   64   66   68
   70   72   74   76   78   80   81   82   83
    72.5-180.0 180.0   5.0 450.0                            LAT/LON1/LON2/DLON/H
   79   80   80   80   80   81   81   82   83   84   85   86   87   87   87   86
   85   83   81   79   78   76   75   74   74   73   73   73   73   72   72   71
   70   69   68   68   67   66   66   66   67   67   67   67   66   66   65   63
   62   62   61   62   62   63   64   64   63   63   62   62   62   62   63   65
   66   68   70   72   74   76   77   79   79
    70.0-180.0 180.0   5.0 450.0                            LAT/LON1/LON2/DLON/H
   75   76   76   76   77   77   78   79   81   83   85   87   88   89   89   88
   86   84   82   79   77   75   74   73   72   71   71   70   70   69   69   68
   67   66   64   63   62   61   60   60   59   60   60   60   60   59   59   59
   59   59   60   62   64   65   66   66   66   64   62   61   60   59   60   61
   62   64   66   67   69   71   73   74   75
    67.5-180.0 180.0   5.0 450.0                            LAT/LON1/LON2/DLON/H
   72   72   72   73   73   74   75   77   80   83   86   88   90   91   92   91
   89   87   84   81   78   75   74   72   71   70   69   68   67   66   65   64
   63   62   60   58   56   54   53   51   51   51   51   51   52   52   52   53
   54   56   58   61   64   66   67   67   65   62   59   57   56   55   56   57
   58   60   61   63   65   67   69   70   72
    65.0-180.0 180.0   5.0 450.0                            LAT/LON1/LON2/DLON/H
   68   69   69   69   70   71   73   76   80   83   87   90   93   95   95   95
   94   91   88   84   81   78   75   73   71   69   68   66   65   64   63   62
   60   58   55   52   50   47   44   43   42   42   43   44   44   45   46   47
   49   52   55   59   62   64   64   63   60   57   53   50   49   50   51   53
   55   57   58   60   62   64   66   67   68
    62.5-180.0 180.0   5.0 450.0                            LAT/LON1/LON2/DLON/H
   67   67   68   68   69   70   73   76   80   84   88   91   95   97   99   99
   98   96   92   89   85   82   79   76   73   71   69   67   65   64   63   61
   59   56   52   47   43   40   37   36   35   36   37   38   39   40   41   43
   46   49   53   57   59   60   60   57   53   49   45   42   42   44   47   50
   53   55   57   58   60   62   64   66   67
    60.0-180.0 180.0   5.0 450.0                            LAT/LON1/LON2/DLON/H
   67   68   68   68   69   71   74   77   80   84   88   92   96   99  102  103
  102  100   97   93   90   86   83   80   77   74   71   69   68   66   65   62
   59   55   50   44   39   35   32   31   32   33   35   37   39   39   40   41
   44   47   51   55   57   57   55   51   46   41   37   34   35   39   43   48
   52   54   56   58   60   62   64   66   67
    57.5-180.0 180.0   5.0 450.0                            LAT/LON1/LON2/DLON/H
   69   70   71   71   72   73   75   78   82   85   88   92   96  100  103  105
  105  103  101   97   94   90   87   84   81   78   76   75   73   72   70   67
   63   58   51   44   38   34   32   32   34   37   40   42   43   42   42   42
   43   47   51   54   55   54   52   47   41   35   31   29   31   35   41   47
   51   54   57   59   61   63   66   68   69
    55.0-180.0 180.0   5.0 450.0                            LAT/LON1/LON2/DLON/H
   72   74   75   75   76   77   79   81   83   86   89   92   96  100  103  105
  106  105  102   99   96   93   90   88   86   84   83   83   82   81   79   75
   70   64   56   49   42   38   37   39   42   46   49   51   50   49   46   45
   45   48   52   55   56   54   51   46   40   34   29   28   30   34   40   46
   51   55   58   60   62   65   67   70   72
    52.5-180.0 180.0   5.0 450.0                            LAT/LON1/LON2/DLON/H
   76   78   80   81   81   82   83   84   85   87   89   92   96   99  102  104
  105  104  102  100   97   94   93   92   91   91   92   92   92   91   89   84
   79   72   65   57   51   48   48   51   55   59   62   62   60   57   53   49
   49   51   54   57   58   57   54   49   42   36   32   30   32   35   40   46
   51   55   58   61   64   66   69   72   76
    50.0-180.0 180.0   5.0 450.0                            LAT/LON1/LON2/DLON/H
   79   82   85   86   87   87   87   88   89   90   91   94   96  100  102  104
  104  103  102   99   97   95   95   95   96   98  100  102  102  101   99   94
   89   83   77   70   65   62   63   66   71   74   75   74   71   66   60   55
   53   55   57   60   62   61   58   53   47   42   37   35   36   38   41   46
   50   55   59   62   64   67   70   74   79
    47.5-180.0 180.0   5.0 450.0                            LAT/LON1/LON2/DLON/H
   81   85   89   91   91   92   92   92   92   93   94   96   99  101  103  104
  104  103  101   99   97   97   97   99  102  105  107  109  110  109  107  104
   99   95   90   86   81   79   80   83   86   88   87   85   81   75   68   62
   59   59   61   64   66   65   63   59   54   48   44   41   41   41   43   46
   51   56   60   63   65   67   70   75   81
    45.0-180.0 180.0   5.0 450.0                            LAT/LON1/LON2/DLON/H
   82   87   91   93   95   95   95   96   96   97   99  100  102  104  106  106
  105  104  102   99   99   99  101  104  108  110  112  114  115  115  113  111
  108  106  104  101   98   96   96   98  100   99   96   92   88   83   76   69
   65   64   66   68   70   69   67   64   59   55   51   47   45   44   45   47
   51   57   61   64   65   67   70   76   82
    42.5-180.0 180.0   5.0 450.0                            LAT/LON1/LON2/DLON/H
   83   88   92   95   97   98   98   99  100  102  104  106  107  109  109  109
  108  106  104  102  102  104  107  110  113  115  115  116  116  117  117  116
  116  116  116  115  113  111  110  111  110  106  101   97   94   89   82   75
   70   69   70   71   73   72   70   67   63   60   56   52   49   47   47   49
   53   58   63   66   67   68   71   76   83
    40.0-180.0 180.0   5.0 450.0                            LAT/LON1/LON2/DLON/H
   83   89   93   96   98   99  100  102  104  107  109  112  113  114  114  113
  111  109  107  106  107  109  113  117  119  119  117  116  117  118  120  121
  123  125  126  126  124  122  120  120  117  111  104  100   97   94   88   81
   75   73   73   74   75   74   71   68   66   63   60   56   52   50   49   51
   55   61   66   68   69   70   72   77   83
    37.5-180.0 180.0   5.0 450.0                            LAT/LON1/LON2/DLON/H
   84   89   93   96   99  100  102  105  108  112  116  118  119  119  118  117
  115  113  111  111  112  115  118  122  123  121  119  117  118  120  123  125
  128  131  132  133  131  129  127  125  121  113  105  101   99   97   92   85
   79   76   76   76   76   74   71   69   67   65   62   58   54   51   51   53
   57   63   68   71   72   73   75   79   84
    35.0-180.0 180.0   5.0 450.0                            LAT/LON1/LON2/DLON/H
   86   90   94   97  100  102  105  108  113  118  123  126  126  125  122  120
  118  117  116  116  117  119  122  124  125  123  121  120  122  124  127  131
  134  136  137  137  135  133  131  128  122  113  105  101  100   99   94   88
   82   79   77   77   76   73   70   68   67   67   64   60   55   53   52   54
   59   65   71   74   76   77   79   82   86
    32.5-180.0 180.0   5.0 450.0                            LAT/LON1/LON2/DLON/H
   89   92   95   98  101  104  108  112  118  125  132  135  134  131  127  124
  122  122  121  121  121  121  122  123  123  123  123  126  129  132  134  138
  140  142  141  140  137  134  131  127  120  111  103  100  100   99   95   89
   84   80   78   77   75   72   68   67   67   67   65   61   56   54   53   54
   59   65   72   77   80   82   83   86   89
    30.0-180.0 180.0   5.0 450.0                            LAT/LON1/LON2/DLON/H
   92   94   97  101  104  108  112  118  125  134  142  146  144  140  134  130
  129  129  128  127  124  122  119  119  120  122  128  136  141  143  145  147
  149  149  146  143  138  133  127  122  115  107  101   98   98   98   94   89
   84   80   77   76   73   70   66   65   66   67   65   61   57   54   52   53
   57   64   72   79   84   86   88   89   92
    27.5-180.0 180.0   5.0 450.0                            LAT/LON1/LON2/DLON/H
   95   98  101  104  108  113  118  125  134  145  155  160  158  153  146  141
  140  141  140  136  130  123  117  114  116  123  135  148  156  158  158  159
  160  158  154  148  139  130  122  116  109  102   97   95   96   95   92   87
   83   79   76   74   71   67   64   63   65   66   65   61   57   53   51   51
   55   62   72   80   87   91   92   94   95
    25.0-180.0 180.0   5.0 450.0                            LAT/LON1/LON2/DLON/H
  100  103  106  109  114  119  125  133  144  159  171  178  177  171  163  158
  159  161  158  150  139  127  117  113  117  128  146  165  176  178  176  175
  175  171  164  154  141  127  116  108  102   96   92   91   91   90   88   84
   80   76   73   71   68   64   61   61   63   64   63   60   56   53   49   48
   52   60   71   81   90   95   97   98  100
    22.5-180.0 180.0   5.0 450.0                            LAT/LON1/LON2/DLON/H
  106  109  113  117  121  127  134  143  156  173  189  198  199  195  188  185
  188  191  185  172  155  137  123  118  123  139  162  185  199  201  197  194
  192  186  176  162  144  125  110  101   95   91   88   87   86   85   82   79
   76   72   70   68   65   62   58   58   60   62   61   59   55   51   47   46
   48   57   70   82   93   99  102  104  106
    20.0-180.0 180.0   5.0 450.0                            LAT/LON1/LON2/DLON/H
  115  118  122  126  131  136  143  154  170  190  209  220  224  222  218  218
  225  230  222  202  178  155  138  132  139  157  183  209  224  226  220  214
  209  201  187  169  147  123  104   94   90   88   84   82   80   79   77   74
   71   68   66   65   62   59   56   55   57   59   58   56   53   49   45   43
   46   55   69   84   96  105  109  112  115
    17.5-180.0 180.0   5.0 450.0                            LAT/LON1/LON2/DLON/H
  125  129  134  138  142  147  155  167  185  207  228  242  249  250  250  256
  268  275  263  238  208  179  159  154  162  181  208  233  249  249  241  233
  225  213  196  174  149  122  100   90   87   85   81   77   75   72   70   68
   66   64   62   61   60   57   54   53   54   55   55   53   50   47   43   41
   44   55   70   86  101  112  117  121  125
    15.0-180.0 180.0   5.0 450.0                            LAT/LON1/LON2/DLON/H
  138  143  148  153  156  160  168  182  201  224  246  262  271  277  283  295
  313  321  307  277  241  209  187  180  188  207  231  255  269  268  259  249
  238  222  201  177  150  122   99   89   87   85   80   73   69   66   64   63
   61   60   59   58   58   55   52   51   51   52   51   50   48   45   42   40
   44   55   71   90  107  120  127  133  138
    12.5-180.0 180.0   5.0 450.0                            LAT/LON1/LON2/DLON/H
  153  160  166  170  172  175  184  199  219  242  263  279  290  300  312  331
  354  364  347  313  275  240  217  209  215  231  251  270  281  280  270  259
  246  226  202  177  152  125  102   92   90   87   79   71   65   61   59   57
   56   55   55   56   55   54   51   50   49   49   48   47   45   43   41   39
   44   55   73   93  113  128  138  146  153
    10.0-180.0 180.0   5.0 450.0                            LAT/LON1/LON2/DLON/H
  168  177  184  190  192  194  202  218  238  260  279  294  305  319  337  362
  390  399  380  345  307  273  248  237  240  251  264  276  284  283  275  264
  250  228  201  177  155  131  111  101   97   91   80   69   61   57   54   53
   52   52   52   53   53   52   50   49   48   48   46   44   43   41   40   39
   44   56   74   96  118  136  148  158  168
     7.5-180.0 180.0   5.0 450.0                            LAT/LON1/LON2/DLON/H
  181  193  203  210  212  215  224  239  258  277  294  307  318  334  356  386
  415  424  404  369  335  303  277  263  260  265  271  276  279  279  274  265
  251  227  200  178  161  143  127  116  108   97   82   68   59   54   51   50
   50   50   50   50   51   51   50   49   49   47   45   42   41   40   39   39
   45   57   75   98  121  140  155  168  181
     5.0-180.0 180.0   5.0 450.0                            LAT/LON1/LON2/DLON/H
  190  205  218  227  232  237  247  262  279  295  309  319  329  344  367  398
  428  436  415  383  354  327  302  285  277  275  274  272  272  272  270  264
  250  226  200  182  170  158  146  135  121  102   83   67   57   52   49   49
   49   49   48   48   49   49   50   50   49   47   44   41   40   40   39   40
   46   58   76   97  120  140  157  174  190
     2.5-180.0 180.0   5.0 450.0                            LAT/LON1/LON2/DLON/H
  193  211  227  240  248  255  267  283  299  313  324  331  338  349  369  397
  424  430  411  385  363  342  319  301  290  282  275  269  266  267  266  261
  248  225  201  187  180  173  164  151  131  106   83   66   56   51   49   49
   50   49   47   47   47   48   50   51   51   48   44   40   39   39   40   41
   47   59   76   95  116  135  154  173  193
