gLAB/files/cme/01_09_2019/whrg2440.19i
     1.0            IONOSPHERE MAPS     GNSS                IONEX VERSION / TYPE
GIMAS V1.0          GRC,WHU             02-Sep-19 20:06     PGM / RUN BY / DATE 
WHU'S GLOBAL IONOSPHERE MAPS FOR DAY 244,2019               COMMENT
See for instance: Zhang, Qiang and Zhao, Qile,              COMMENT
Remote Sensing, Vol.10, N.5, 705, 2018                      COMMENT
Contact address: zhangqiang@whu.edu.cn                      COMMENT
  2019     9     1     0     0    0.0000                    EPOCH OF FIRST MAP
  2019     9     2     0     0    0.0000                    EPOCH OF LAST MAP 
  7200                                                      INTERVAL
    13                                                      # OF MAPS IN FILE
  NONE                                                      MAPPING FUNCTION
    10.0                                                    ELEVATION CUTOFF
One-way carrier phase leveled to code                       OBSERVABLES USED    
   250                                                      # OF STATIONS
    53                                                      # OF SATELLITES
  6371.0                                                    BASE RADIUS
     2                                                      MAP DIMENSION       
   450.0 450.0   0.0                                        HGT1 / HGT2 / DHGT
    87.5 -87.5  -2.5                                        LAT1 / LAT2 / DLAT
  -180.0 180.0   5.0                                        LON1 / LON2 / DLON
    -1                                                      EXPONENT
TEC/RMS values in 0.1 TECU; 0, if negative value apear      COMMENT
                           9999, if no value available      COMMENT
Peak TEC values for the included maps:                      COMMENT
 358  343  280  299  366  325  300  299  315  324  401  440 COMMENT
 408                                                        COMMENT
List of stations:                                           COMMENT
algo hert flin darw gol2 abmf brft guat cags ganp boav areq COMMENT
coco drao badg chpg gold brmu cas1 dav1 cord alme artu hlfx COMMENT
guug bogo dubo abpo flrs chpi glsv bake gope brst delf gmsd COMMENT
cpvg amu2 gras casc ebre ascg adis harb chti hnpt bogt ajac COMMENT
barh frdn dgar gode brux bor1 faa1 chur ccj2 aspa graz cro1 COMMENT
ankr albh helg hob2 godz bisk ftna dhlg func bshm areg daej COMMENT
cedu braz cnmr holb auck fair bjfs hers ineg joz2 kir0 hofn COMMENT
koug lmmf mag0 hrao mas1 mbar mets morp naur nlib joze ntus COMMENT
mqzg onsa hyde maju nico kiri invk mgue lpal mcm4 krgg pert COMMENT
mat1 karr nnor iqal nya1 mro1 pfa2 ieng pado kiru m0se nist COMMENT
mkea mal2 kat1 mana mdo1 lama mate not1 isba mtka nium mobs COMMENT
pie1 laut joen nyal mar6 park iisc mac1 kokb mdvj kerg maui COMMENT
nano nrc1 ohi2 pol2 pimo monp lhaz nklg ptbb pdel maw1 ramo COMMENT
kokv salu medi scor madr pohn ohi3 polv nril sjdv ssia suth COMMENT
tabv ptvl penc reun thti tixi samo scrz tskb unbn sthl tlse COMMENT
vald thu2 pots smst wgtn wtzr suwn qaq1 twtf tehn reyk sctb COMMENT
soda tid1 sant untr tela stjo vil0 tong uclu whit sydn prds COMMENT
sofi usn7 quin wtzs seyg ters ufpr rgdg tidb stk2 savo syog COMMENT
wtzz vill tow2 will spt0 ptag usud tixg rabt sfer unbj roth COMMENT
thtg sch2 str2 xmis vaas wab2 tro1 tabl yar2 zamb wsrt wark COMMENT
yakt yar3 zeck wtza yarr zim2 yell zimj yssk zimm           COMMENT
                                                            END OF HEADER
[from data line 1716]
     5                                                      START OF TEC MAP  
  2019     9     1     8     0  0.00                        EPOCH OF CURRENT MAP
    87.5-180.0 180.0   5.0 450.0                            LAT/LON1/LON2/DLON/H
   85   85   85   85   85   85   85   85   84   84   84   83   82   82   81   81
   80   79   79   78   78   77   77   76   76   76   75   75   75   75   75   75
   75   75   75   75   75   75   76   76   76   77   77   77   78   78   78   79
   79   79   80   80   80   81   81   81   81   82   82   82   82   82   83   83
   83   84   84   84   84   85   85   85   85
    85.0-180.0 180.0   5.0 450.0                            LAT/LON1/LON2/DLON/H
   85   86   86   87   87   87   86   85   85   84   82   81   80   78   77   75
   74   73   72   70   69   69   68   67   67   66   66   65   65   65   65   65
   66   66   66   67   67   68   69   69   70   71   72   73   74   75   76   77
   77   78   78   78   79   79   79   78   78   78   78   78   78   78   78   79
   79   80   80   81   82   83   84   85   85
    82.5-180.0 180.0   5.0 450.0                            LAT/LON1/LON2/DLON/H
   82   83   84   85   85   85   84   83   81   79   77   75   72   70   67   65
   63   61   60   58   57   57   56   56   55   55   55   55   56   56   56   56
   57   57   58   58   59   60   62   63   65   66   68   70   72   73   75   76
   77   78   78   78   78   77   77   76   74   73   72   71   70   69   69   69
   70   71   72   73   75   77   78   80   82
    80.0-180.0 180.0   5.0 450.0                            LAT/LON1/LON2/DLON/H
   75   77   78   79   80   79   78   76   74   71   68   64   61   57   54   51
   48   46   45   44   43   43   44   44   45   46   47   47   48   48   49   49
   50   50   51   51   52   54   55   57   59   62   64   67   70   73   75   77
   79   80   80   80   79   78   76   73   71   68   65   62   60   59   57   57
   57   58   60   62   64   67   69   72   75
    77.5-180.0 180.0   5.0 450.0                            LAT/LON1/LON2/DLON/H
   66   68   70   72   72   72   70   68   64   60   56   51   47   42   38   35
   32   31   30   30   30   32   33   35   37   39   41   42   43   44   45   45
   45   45   46   46   47   48   50   52   55   58   61   65   69   72   76   79
   81   82   83   82   81   79   76   72   68   63   59   55   51   48   46   45
   45   45   47   49   52   55   59   62   66
    75.0-180.0 180.0   5.0 450.0                            LAT/LON1/LON2/DLON/H
   56   59   62   63   63   63   61   58   54   50   45   39   34   29   24   21
   18   17   17   18   20   23   27   30   33   36   39   41   42   43   43   43
   43   43   43   42   43   44   45   48   50   54   58   62   67   71   75   78
   81   83   83   83   81   79   75   71   66   60   55   50   45   41   38   36
   35   36   37   39   42   45   49   53   56
    72.5-180.0 180.0   5.0 450.0                            LAT/LON1/LON2/DLON/H
   49   51   54   55   55   55   53   50   46   41   36   30   25   19   15   11
    9    9   10   12   15   20   24   28   33   36   39   41   43   43   44   43
   43   42   41   40   40   41   42   44   47   51   55   59   64   68   72   75
   78   80   80   80   79   76   73   69   64   59   54   48   43   39   36   33
   32   31   32   33   36   39   42   45   49
    70.0-180.0 180.0   5.0 450.0                            LAT/LON1/LON2/DLON/H
   44   46   48   49   49   49   47   44   41   37   32   27   21   16   12    8
    6    6    8   11   15   20   25   30   34   38   40   42   43   44   44   43
   42   41   40   39   38   39   40   42   45   49   52   56   60   63   66   69
   71   73   73   73   73   71   69   66   62   58   54   50   46   42   39   36
   34   33   33   33   34   36   39   41   44
    67.5-180.0 180.0   5.0 450.0                            LAT/LON1/LON2/DLON/H
   42   44   45   46   46   46   45   43   40   37   33   29   24   19   15   12
   10   10   11   14   19   24   29   33   37   39   41   42   43   43   43   42
   42   40   39   38   37   38   39   42   45   48   51   53   56   58   59   61
   62   63   64   64   64   64   63   62   60   59   57   55   52   49   47   44
   42   40   39   38   38   38   39   40   42
    65.0-180.0 180.0   5.0 450.0                            LAT/LON1/LON2/DLON/H
   43   44   45   46   47   46   45   43   41   39   37   34   31   27   23   20
   18   17   18   20   24   29   33   36   38   39   40   40   40   40   40   40
   40   39   38   37   37   38   40   43   46   49   51   53   53   53   53   53
   54   54   55   55   56   57   57   58   59   60   61   61   60   59   57   55
   53   50   48   45   44   42   42   42   43
    62.5-180.0 180.0   5.0 450.0                            LAT/LON1/LON2/DLON/H
   45   47   48   49   49   48   47   45   43   42   41   40   39   36   33   30
   27   25   25   27   29   32   35   36   37   36   35   35   35   36   37   38
   38   38   37   36   37   38   41   45   49   52   54   54   53   51   50   49
   49   49   50   51   52   53   55   57   60   62   65   67   68   68   67   65
   63   60   57   53   50   47   45   45   45
    60.0-180.0 180.0   5.0 450.0                            LAT/LON1/LON2/DLON/H
   49   50   52   53   52   51   48   46   44   43   44   44   44   43   41   38
   34   32   31   31   32   34   34   34   33   31   29   28   29   30   33   35
   37   37   37   37   38   40   44   49   54   57   58   58   56   54   52   51
   51   52   53   54   54   55   57   60   63   66   70   72   74   75   74   73
   71   68   64   60   55   51   49   48   49
    57.5-180.0 180.0   5.0 450.0                            LAT/LON1/LON2/DLON/H
   51   53   55   56   55   52   48   45   42   41   42   43   45   45   44   42
   38   35   33   32   32   32   31   29   27   24   22   21   23   26   30   34
   37   39   39   39   40   43   47   53   59   63   65   64   62   60   59   60
   61   63   64   65   64   64   65   67   69   72   75   77   78   78   78   76
   74   71   67   63   58   54   51   50   51
    55.0-180.0 180.0   5.0 450.0                            LAT/LON1/LON2/DLON/H
   53   56   58   59   57   53   47   41   37   35   36   38   41   43   42   41
   38   34   32   30   29   28   26   24   20   17   15   15   18   23   29   35
   40   42   43   43   44   47   52   58   65   69   71   71   70   70   71   74
   78   82   83   83   81   79   78   77   78   79   79   79   79   78   77   76
   74   71   67   63   59   54   52   51   53
    52.5-180.0 180.0   5.0 450.0                            LAT/LON1/LON2/DLON/H
   54   56   59   59   57   52   44   37   32   29   28   30   33   36   36   36
   34   31   28   27   25   24   22   19   15   12   11   12   16   23   31   39
   45   48   49   49   50   53   57   64   71   76   78   80   81   83   87   93
  100  104  105  103  100   95   92   89   88   86   84   81   79   77   75   73
   71   69   66   62   58   55   52   52   54
    50.0-180.0 180.0   5.0 450.0                            LAT/LON1/LON2/DLON/H
   54   57   58   58   55   50   42   35   28   24   22   23   25   27   29   29
   28   26   24   23   22   21   19   16   13   11   10   12   18   26   35   44
   52   56   57   57   58   60   64   71   77   82   86   89   92   97  104  113
  121  126  126  122  116  110  105  101   97   93   88   83   79   75   72   70
   68   67   65   62   59   56   54   53   54
    47.5-180.0 180.0   5.0 450.0                            LAT/LON1/LON2/DLON/H
   56   57   57   56   53   48   42   36   30   25   21   20   20   21   22   23
   22   22   21   21   21   20   19   17   15   14   13   16   21   30   40   51
   59   64   66   67   67   69   73   79   85   90   94   99  104  111  121  132
  140  144  141  134  126  119  113  109  104   98   92   85   80   76   72   70
   68   67   66   65   63   60   58   56   56
    45.0-180.0 180.0   5.0 450.0                            LAT/LON1/LON2/DLON/H
   59   57   55   53   50   47   44   41   37   32   27   23   21   20   20   20
   20   20   20   21   22   22   22   22   20   19   19   22   27   36   46   57
   66   72   75   77   78   80   84   89   94  100  105  110  117  126  137  147
  154  155  149  139  128  121  116  113  109  103   96   89   84   80   77   74
   73   72   72   72   71   68   65   61   59
    42.5-180.0 180.0   5.0 450.0                            LAT/LON1/LON2/DLON/H
   63   58   54   50   48   48   49   50   50   46   40   34   28   25   23   22
   21   21   22   24   26   27   28   28   28   27   27   29   33   41   51   62
   72   79   83   86   88   91   96  101  107  112  117  123  131  140  150  159
  163  160  150  136  125  118  116  115  112  107  101   95   91   88   86   84
   82   82   83   83   82   79   74   69   63
    40.0-180.0 180.0   5.0 450.0                            LAT/LON1/LON2/DLON/H
   69   60   53   48   46   49   55   62   65   63   57   49   42   36   31   28
   26   26   26   28   30   33   35   36   36   35   35   35   39   46   55   66
   75   83   89   93   97  103  109  115  121  126  131  138  145  154  163  169
  169  162  148  133  121  115  116  117  116  113  107  103  101  100   99   97
   96   96   96   97   97   93   86   78   69
    37.5-180.0 180.0   5.0 450.0                            LAT/LON1/LON2/DLON/H
   75   63   54   47   46   51   62   73   80   80   75   66   57   50   44   39
   35   32   32   33   35   38   41   42   43   42   41   41   43   49   58   68
   78   86   92   98  105  113  122  129  136  141  147  153  160  167  174  178
  176  166  150  134  122  119  121  124  124  120  116  113  113  114  114  113
  111  111  112  113  112  107   98   86   75
    35.0-180.0 180.0   5.0 450.0                            LAT/LON1/LON2/DLON/H
   80   66   55   47   46   53   66   80   90   92   88   80   71   64   57   51
   44   39   37   37   38   41   44   46   47   46   44   44   46   51   60   69
   79   87   94  102  111  121  133  142  150  155  161  167  173  180  186  189
  186  176  161  145  135  133  136  139  137  131  126  124  125  127  128  128
  127  127  128  129  127  119  108   94   80
    32.5-180.0 180.0   5.0 450.0                            LAT/LON1/LON2/DLON/H
   83   69   58   50   48   55   68   83   93   96   93   86   80   74   68   61
   53   45   41   39   40   42   45   47   47   46   45   44   46   52   61   70
   80   88   95  103  113  127  141  152  160  166  171  177  184  191  197  201
  200  194  182  170  162  161  163  162  155  146  139  136  137  140  141  141
  141  142  143  143  139  129  115   99   83
    30.0-180.0 180.0   5.0 450.0                            LAT/LON1/LON2/DLON/H
   85   73   62   54   52   57   68   81   89   92   89   85   82   79   74   67
   58   49   43   39   39   40   43   45   45   44   43   43   46   52   61   71
   81   88   95  103  114  129  145  157  166  171  177  184  192  200  208  215
  220  219  214  207  202  200  198  191  179  164  153  148  148  150  151  152
  153  155  157  155  149  136  119  101   85
    27.5-180.0 180.0   5.0 450.0                            LAT/LON1/LON2/DLON/H
   87   76   68   61   58   60   67   76   81   81   78   76   76   77   74   68
   59   50   42   38   36   37   39   41   41   40   39   40   44   52   61   72
   82   89   95  102  113  129  145  158  166  171  176  185  195  206  217  229
  241  249  251  249  247  244  237  224  204  184  168  161  158  158  159  161
  164  167  168  165  156  140  120  102   87
    25.0-180.0 180.0   5.0 450.0                            LAT/LON1/LON2/DLON/H
   89   81   76   71   67   66   69   72   72   69   65   64   66   69   69   64
   56   47   40   35   34   34   35   36   36   35   35   37   42   50   61   72
   83   90   96  102  112  126  142  154  161  165  172  182  195  209  224  242
  260  276  286  290  289  285  273  254  228  202  184  174  169  166  166  169
  173  178  179  174  161  142  121  102   89
    22.5-180.0 180.0   5.0 450.0                            LAT/LON1/LON2/DLON/H
   93   88   85   82   78   75   74   72   66   59   53   52   55   58   59   57
   50   43   37   33   31   32   32   33   32   32   32   34   40   48   60   72
   83   92   97  102  111  124  138  149  154  157  165  178  194  211  229  250
  275  297  313  320  321  315  300  276  246  219  200  188  181  176  174  177
  183  189  189  182  166  144  122  104   93
    20.0-180.0 180.0   5.0 450.0                            LAT/LON1/LON2/DLON/H
   99   97   96   94   91   87   83   77   67   56   47   44   46   49   50   47
   43   38   34   31   30   31   32   32   31   30   30   32   38   46   58   71
   84   94   99  103  110  121  134  143  146  150  159  175  195  213  232  255
  281  307  325  335  336  329  313  288  258  233  215  204  195  187  183  186
  194  200  199  188  170  147  125  108   99
    17.5-180.0 180.0   5.0 450.0                            LAT/LON1/LON2/DLON/H
  107  106  107  106  103   99   95   86   74   60   50   44   43   43   42   40
   37   34   32   31   31   32   33   33   32   30   30   31   36   44   55   69
   83   94  101  104  110  119  130  138  142  146  158  177  198  217  234  255
  281  306  324  333  334  328  312  289  264  243  231  221  211  200  195  198
  205  210  206  193  174  151  130  115  107
    15.0-180.0 180.0   5.0 450.0                            LAT/LON1/LON2/DLON/H
  118  117  117  115  113  111  107   99   86   71   59   51   46   43   39   36
   35   33   32   32   33   34   36   36   34   32   31   32   36   43   53   67
   82   94  102  105  110  119  129  137  141  148  162  184  207  223  237  253
  275  297  313  320  320  314  301  283  264  251  245  239  228  215  208  209
  216  218  211  196  176  155  137  124  118
    12.5-180.0 180.0   5.0 450.0                            LAT/LON1/LON2/DLON/H
  128  126  124  122  119  118  116  110   98   84   72   63   56   49   42   38
   37   36   36   36   37   39   40   40   38   36   34   34   37   42   52   66
   81   93  101  105  110  119  130  139  145  155  173  197  219  232  240  250
  267  286  298  302  301  296  287  275  263  258  258  255  245  230  220  219
  223  222  212  195  176  158  144  134  128
    10.0-180.0 180.0   5.0 450.0                            LAT/LON1/LON2/DLON/H
  137  134  129  124  121  121  122  117  107   96   85   77   69   59   51   46
   44   43   42   41   42   43   45   44   42   39   37   36   38   43   52   65
   79   91   98  103  108  118  131  143  153  167  188  214  234  242  244  250
  263  278  288  289  286  282  276  268  263  264  269  268  257  241  228  225
  226  221  208  190  173  159  149  142  137
     7.5-180.0 180.0   5.0 450.0                            LAT/LON1/LON2/DLON/H
  143  138  131  124  120  120  121  119  110  101   94   88   81   72   63   57
   54   52   50   48   48   49   49   48   45   41   39   38   40   45   54   65
   78   88   95   99  106  118  133  148  162  180  205  231  249  253  250  252
  264  279  287  287  283  278  273  267  265  269  276  276  264  246  231  226
  223  215  199  181  167  157  151  147  143
     5.0-180.0 180.0   5.0 450.0                            LAT/LON1/LON2/DLON/H
  144  139  130  121  116  116  117  114  107  100   96   94   91   83   76   70
   67   63   59   56   54   54   52   50   46   42   40   39   42   47   56   66
   77   85   90   94  102  116  134  152  170  192  220  246  261  261  256  258
  272  289  299  298  292  286  279  272  269  272  278  276  263  243  227  219
  213  203  186  169  158  152  150  147  144
     2.5-180.0 180.0   5.0 450.0                            LAT/LON1/LON2/DLON/H
  141  136  128  119  113  111  111  106   98   93   92   95   96   92   86   81
   78   74   69   64   61   58   55   50   45   41   39   40   43   50   58   68
   76   82   86   90   99  114  134  154  176  202  231  257  269  267  261  266
  284  306  319  320  312  302  291  280  272  272  273  269  254  233  216  206
  199  187  171  157  148  145  143  143  141
