gLAB/files/cme/01_09_2019/whrg2440.19i
     1.0            IONOSPHERE MAPS     GNSS                IONEX VERSION / TYPE
GIMAS V1.0          GRC,WHU             02-Sep-19 20:06     PGM / RUN BY / DATE 
WHU'S GLOBAL IONOSPHERE MAPS FOR DAY 244,2019               COMMENT
See for instance: Zhang, Qiang and Zhao, Qile,              COMMENT
Remote Sensing, Vol.10, N.5, 705, 2018                      COMMENT
Contact address: zhangqiang@whu.edu.cn                      COMMENT
  2019     9     1     0     0    0.0000                    EPOCH OF FIRST MAP
  2019     9     2     0     0    0.0000                    EPOCH OF LAST MAP 
  7200                                                      INTERVAL
    13                                                      # OF MAPS IN FILE
  NONE                                                      MAPPING FUNCTION
    10.0                                                    ELEVATION CUTOFF
One-way carrier phase leveled to code                       OBSERVABLES USED    
   250                                                      # OF STATIONS
    53                                                      # OF SATELLITES
  6371.0                                                    BASE RADIUS
     2                                                      MAP DIMENSION       
   450.0 450.0   0.0                                        HGT1 / HGT2 / DHGT
    87.5 -87.5  -2.5                                        LAT1 / LAT2 / DLAT
  -180.0 180.0   5.0                                        LON1 / LON2 / DLON
    -1                                                      EXPONENT
TEC/RMS values in 0.1 TECU; 0, if negative value apear      COMMENT
                           9999, if no value available      COMMENT
Peak TEC values for the included maps:                      COMMENT
 358  343  280  299  366  325  300  299  315  324  401  440 COMMENT
 408                                                        COMMENT
List of stations:                                           COMMENT
algo hert flin darw gol2 abmf brft guat cags ganp boav areq COMMENT
coco drao badg chpg gold brmu cas1 dav1 cord alme artu hlfx COMMENT
guug bogo dubo abpo flrs chpi glsv bake gope brst delf gmsd COMMENT
cpvg amu2 gras casc ebre ascg adis harb chti hnpt bogt ajac COMMENT
barh frdn dgar gode brux bor1 faa1 chur ccj2 aspa graz cro1 COMMENT
ankr albh helg hob2 godz bisk ftna dhlg func bshm areg daej COMMENT
cedu braz cnmr holb auck fair bjfs hers ineg joz2 kir0 hofn COMMENT
koug lmmf mag0 hrao mas1 mbar mets morp naur nlib joze ntus COMMENT
mqzg onsa hyde maju nico kiri invk mgue lpal mcm4 krgg pert COMMENT
mat1 karr nnor iqal nya1 mro1 pfa2 ieng pado kiru m0se nist COMMENT
mkea mal2 kat1 mana mdo1 lama mate not1 isba mtka nium mobs COMMENT
pie1 laut joen nyal mar6 park iisc mac1 kokb mdvj kerg maui COMMENT
nano nrc1 ohi2 pol2 pimo monp lhaz nklg ptbb pdel maw1 ramo COMMENT
kokv salu medi scor madr pohn ohi3 polv nril sjdv ssia suth COMMENT
tabv ptvl penc reun thti tixi samo scrz tskb unbn sthl tlse COMMENT
vald thu2 pots smst wgtn wtzr suwn qaq1 twtf tehn reyk sctb COMMENT
soda tid1 sant untr tela stjo vil0 tong uclu whit sydn prds COMMENT
sofi usn7 quin wtzs seyg ters ufpr rgdg tidb stk2 savo syog COMMENT
wtzz vill tow2 will spt0 ptag usud tixg rabt sfer unbj roth COMMENT
thtg sch2 str2 xmis vaas wab2 tro1 tabl yar2 zamb wsrt wark COMMENT
yakt yar3 zeck wtza yarr zim2 yell zimj yssk zimm           COMMENT
                                                            END OF HEADER
[from data line 4290]
    11                                                      START OF TEC MAP  
  2019     9     1    20     0  0.00                        EPOCH OF CURRENT MAP
    87.5-180.0 180.0   5.0 450.0                            LAT/LON1/LON2/DLON/H
   42   43   44   45   46   48   49   50   51   51   52   53   54   54   55   55
   56   56   56   56   56   56   56   55   55   55   54   54   53   52   52   51
   51   50   49   49   48   47   47   46   45   45   44   43   43   42   41   41
   40   39   39   38   38   37   37   36   36   36   36   36   36   36   36   36
   36   37   37   38   39   39   40   41   42
    85.0-180.0 180.0   5.0 450.0                            LAT/LON1/LON2/DLON/H
   40   42   45   47   49   52   54   56   58   60   62   63   65   66   67   68
   68   68   68   68   68   67   66   65   64   63   62   61   60   59   58   57
   55   54   53   52   52   51   50   49   48   47   46   45   45   44   43   42
   41   39   38   37   36   35   34   33   32   31   30   29   29   29   29   29
   29   30   31   32   33   35   36   38   40
    82.5-180.0 180.0   5.0 450.0                            LAT/LON1/LON2/DLON/H
   39   42   45   49   52   56   59   62   65   68   70   73   75   76   77   78
   78   79   78   78   77   76   74   73   71   69   68   66   64   63   61   60
   59   58   57   56   55   55   54   53   53   52   51   51   50   49   48   47
   45   44   42   41   39   37   35   34   32   30   29   27   26   26   25   25
   25   26   27   28   29   31   34   36   39
    80.0-180.0 180.0   5.0 450.0                            LAT/LON1/LON2/DLON/H
   39   42   46   50   54   58   62   66   69   73   76   78   80   82   83   84
   84   84   84   83   82   80   79   77   74   72   70   68   66   65   63   62
   61   60   60   59   59   58   58   58   57   57   57   56   56   55   54   53
   52   51   49   47   45   43   40   38   36   33   31   29   28   26   25   25
   25   25   26   27   29   31   33   36   39
    77.5-180.0 180.0   5.0 450.0                            LAT/LON1/LON2/DLON/H
   40   43   47   51   54   58   62   66   70   73   76   79   81   82   83   84
   84   84   84   83   82   81   79   77   74   72   69   67   65   64   63   62
   62   61   61   61   61   61   60   60   60   60   60   60   60   60   59   59
   58   57   55   54   51   49   46   44   41   39   36   34   32   31   29   29
   28   28   29   30   31   33   35   37   40
    75.0-180.0 180.0   5.0 450.0                            LAT/LON1/LON2/DLON/H
   43   45   48   50   54   57   60   64   67   70   72   75   76   77   78   79
   79   80   80   80   79   78   76   74   72   69   66   64   62   61   60   60
   60   61   61   61   61   60   60   59   59   59   59   59   59   60   60   61
   60   60   59   57   56   54   51   49   46   44   42   40   38   37   36   35
   35   34   35   35   36   37   39   40   43
    72.5-180.0 180.0   5.0 450.0                            LAT/LON1/LON2/DLON/H
   46   47   49   50   52   55   57   60   63   65   67   68   69   69   70   70
   71   72   73   74   74   74   73   71   68   65   62   59   58   57   56   57
   58   58   59   58   58   56   55   54   53   52   52   53   54   55   56   57
   58   58   58   57   56   55   53   51   50   48   47   45   44   43   43   42
   42   42   42   43   43   43   44   45   46
    70.0-180.0 180.0   5.0 450.0                            LAT/LON1/LON2/DLON/H
   50   50   50   50   51   52   54   56   58   60   61   62   62   62   62   62
   63   65   67   69   71   71   70   68   65   61   57   54   52   51   51   52
   53   54   54   53   51   49   47   44   43   42   42   43   44   46   48   50
   51   52   53   53   52   52   51   51   50   49   49   49   49   49   49   49
   49   49   49   50   50   50   50   50   50
    67.5-180.0 180.0   5.0 450.0                            LAT/LON1/LON2/DLON/H
   54   53   52   51   50   50   51   53   55   57   58   59   58   57   57   57
   58   60   64   67   70   71   70   67   63   59   54   50   47   46   46   47
   48   48   48   46   43   39   35   32   30   29   30   31   33   36   38   40
   42   43   44   45   46   46   47   47   48   48   49   49   50   51   52   52
   53   54   54   55   55   55   55   55   54
    65.0-180.0 180.0   5.0 450.0                            LAT/LON1/LON2/DLON/H
   57   55   53   51   50   49   50   52   54   57   59   59   59   57   56   56
   57   60   64   69   72   73   72   69   64   58   52   47   44   42   42   42
   43   42   41   38   33   28   24   20   18   18   19   21   24   27   29   30
   32   33   34   36   37   39   40   42   43   44   46   47   48   50   51   52
   53   54   55   56   57   57   58   57   57
    62.5-180.0 180.0   5.0 450.0                            LAT/LON1/LON2/DLON/H
   58   57   55   53   51   50   50   52   55   59   62   63   63   62   60   60
   61   64   69   73   77   78   76   72   66   59   52   47   43   41   40   40
   39   37   34   30   24   19   14   11   10   11   13   16   19   22   23   24
   24   25   26   27   30   32   34   36   38   39   40   42   43   45   46   48
   50   51   53   54   55   56   57   58   58
    60.0-180.0 180.0   5.0 450.0                            LAT/LON1/LON2/DLON/H
   58   58   57   55   53   51   51   54   58   63   67   70   70   69   68   67
   68   71   75   80   82   83   80   75   69   62   55   49   46   43   42   40
   38   35   31   25   18   13    8    7    7   10   14   18   21   22   22   21
   20   19   20   22   24   27   29   31   32   33   34   35   36   38   39   41
   43   45   47   49   51   53   55   57   58
    57.5-180.0 180.0   5.0 450.0                            LAT/LON1/LON2/DLON/H
   57   59   59   58   55   54   54   56   61   67   72   75   77   76   75   75
   76   78   82   85   86   86   83   78   71   65   60   56   52   50   48   45
   41   36   30   24   17   12    9    9   12   17   22   27   29   28   26   22
   19   18   18   19   22   24   27   28   29   29   28   28   28   29   31   33
   35   37   40   42   44   47   50   53   57
    55.0-180.0 180.0   5.0 450.0                            LAT/LON1/LON2/DLON/H
   55   59   61   61   59   57   57   59   63   69   75   79   81   82   81   81
   82   83   86   87   87   86   82   78   73   69   67   64   63   61   58   54
   48   42   35   28   21   17   16   18   23   30   36   40   41   38   33   27
   22   20   19   21   23   26   27   28   27   25   23   22   21   21   22   25
   27   30   33   36   38   41   45   50   55
    52.5-180.0 180.0   5.0 450.0                            LAT/LON1/LON2/DLON/H
   53   59   64   65   64   62   61   62   65   70   75   80   83   84   84   85
   85   86   86   86   85   83   80   77   75   74   74   75   75   73   70   65
   58   51   43   36   31   28   29   33   39   46   52   55   53   48   41   34
   28   25   24   26   28   30   30   29   27   23   20   17   15   15   16   19
   22   26   29   32   35   37   41   47   53
    50.0-180.0 180.0   5.0 450.0                            LAT/LON1/LON2/DLON/H
   52   60   67   70   71   68   66   65   67   70   74   78   81   83   85   85
   86   86   85   83   81   78   77   76   77   80   83   86   87   86   83   77
   70   62   55   49   45   44   46   51   57   64   68   68   65   58   49   41
   35   32   31   33   35   36   35   33   29   24   19   15   12   12   13   16
   20   24   29   32   34   36   40   45   52
    47.5-180.0 180.0   5.0 450.0                            LAT/LON1/LON2/DLON/H
   53   62   70   75   77   75   73   70   70   71   73   76   79   81   84   85
   86   84   82   79   76   75   75   77   81   86   91   95   97   96   93   87
   81   75   69   65   62   62   65   69   75   79   81   79   73   65   55   48
   42   40   40   42   43   43   42   38   32   26   20   15   13   12   13   16
   20   26   31   35   37   38   40   45   53
    45.0-180.0 180.0   5.0 450.0                            LAT/LON1/LON2/DLON/H
   54   63   73   80   83   82   80   77   74   74   74   75   78   81   84   86
   86   84   80   77   74   74   76   80   86   92   97  101  103  102   99   95
   90   86   83   80   80   81   83   86   90   91   89   85   77   69   61   54
   50   49   50   51   52   51   48   43   36   29   23   18   15   14   15   18
   23   30   36   40   42   43   44   47   54
    42.5-180.0 180.0   5.0 450.0                            LAT/LON1/LON2/DLON/H
   55   64   74   83   88   88   86   83   81   79   77   78   79   82   86   88
   88   85   81   77   76   77   81   87   94   99  102  103  103  102  100   98
   96   95   95   95   96   97   99  101  101   99   94   87   79   72   65   61
   59   59   60   60   60   57   53   47   41   34   27   23   20   19   20   22
   27   34   41   47   49   49   48   50   55
    40.0-180.0 180.0   5.0 450.0                            LAT/LON1/LON2/DLON/H
   56   64   74   83   89   92   91   90   87   85   84   83   85   87   91   92
   91   88   84   81   81   84   90   96  102  104  104  102  100   99   99   99
  100  102  105  108  109  111  112  112  110  104   97   88   81   75   70   68
   67   68   68   67   65   62   57   51   45   38   32   28   26   25   25   27
   31   38   46   52   55   55   53   53   56
    37.5-180.0 180.0   5.0 450.0                            LAT/LON1/LON2/DLON/H
   57   63   71   81   88   92   94   94   94   93   93   92   93   95   98   98
   96   93   89   87   88   92   99  105  109  107  103   98   95   94   96   99
  103  108  113  117  119  120  120  119  115  108   98   89   83   79   77   76
   75   75   74   72   68   64   59   54   48   42   37   33   31   30   30   30
   34   40   48   56   60   60   58   56   57
    35.0-180.0 180.0   5.0 450.0                            LAT/LON1/LON2/DLON/H
   57   60   67   76   85   90   94   96   99  101  102  102  103  105  105  104
  101   97   94   93   94   99  105  111  112  108  100   93   90   91   95  101
  107  114  119  123  125  125  124  123  118  110  100   91   86   84   83   82
   81   79   77   73   68   63   59   54   50   44   40   37   36   35   34   33
   35   41   50   58   64   64   62   59   57
    32.5-180.0 180.0   5.0 450.0                            LAT/LON1/LON2/DLON/H
   58   58   63   72   80   87   92   97  102  107  111  113  114  114  112  109
  105  100   97   97   98  102  107  111  111  105   97   91   90   94  100  107
  114  120  125  127  126  125  124  122  118  111  102   94   91   90   89   87
   84   80   75   70   65   60   56   53   50   46   42   40   39   38   36   34
   35   40   49   59   65   67   65   61   58
    30.0-180.0 180.0   5.0 450.0                            LAT/LON1/LON2/DLON/H
   59   58   61   68   76   83   89   96  104  113  119  122  123  122  119  114
  108  103  101  100  100  101  103  106  106  101   94   92   96  104  113  119
  124  128  130  129  125  121  119  119  116  111  103   97   95   94   92   88
   82   76   70   64   59   55   53   51   49   46   43   41   40   38   36   34
   34   40   49   59   67   70   69   64   59
    27.5-180.0 180.0   5.0 450.0                            LAT/LON1/LON2/DLON/H
   63   59   61   67   75   82   88   96  106  118  127  131  133  131  127  120
  113  108  105  103  100   97   96   97   98   96   95   99  109  123  133  137
  138  138  136  130  121  114  111  112  112  109  103   99   97   95   92   84
   76   68   61   56   52   49   48   48   47   45   42   40   39   37   35   33
   33   39   48   59   68   73   73   69   63
    25.0-180.0 180.0   5.0 450.0                            LAT/LON1/LON2/DLON/H
   69   64   65   71   79   85   90   98  110  124  135  141  143  142  138  131
  124  119  116  111  103   94   89   89   92   94  100  111  129  147  158  159
  155  149  141  130  116  105  101  103  106  105  101   97   95   92   86   76
   66   57   51   47   44   42   42   44   45   43   41   38   37   35   33   31
   32   38   49   61   71   77   79   75   69
    22.5-180.0 180.0   5.0 450.0                            LAT/LON1/LON2/DLON/H
   78   73   73   79   86   92   97  105  118  133  145  152  156  158  156  151
  145  140  136  127  114   98   88   86   91   98  110  129  154  175  185  182
  172  160  148  131  112   97   91   94   98   99   96   92   89   85   77   65
   54   46   42   39   37   36   37   39   41   41   39   36   34   32   30   28
   30   37   50   63   74   82   86   84   78
    20.0-180.0 180.0   5.0 450.0                            LAT/LON1/LON2/DLON/H
   90   85   85   91   98  103  108  116  130  146  159  167  173  179  183  183
  179  174  168  155  135  112   97   94   99  110  125  150  179  203  211  203
  187  171  154  133  110   91   83   86   92   93   90   85   81   75   66   53
   42   35   33   33   32   31   32   35   38   39   37   34   31   29   26   25
   28   37   50   65   78   88   94   94   90
    17.5-180.0 180.0   5.0 450.0                            LAT/LON1/LON2/DLON/H
  103   98   98  104  112  118  122  131  146  162  174  183  193  206  218  225
  224  220  212  195  168  139  119  114  119  129  146  172  203  226  232  219
  199  180  161  138  111   89   80   83   88   89   84   77   71   64   54   42
   32   28   28   29   29   28   28   31   35   36   34   31   28   25   23   21
   25   35   51   67   82   94  103  106  103
    15.0-180.0 180.0   5.0 450.0                            LAT/LON1/LON2/DLON/H
  116  113  113  119  127  133  138  148  164  180  192  201  214  235  258  273
  278  274  264  242  210  177  153  146  148  156  170  193  222  244  246  230
  207  187  168  144  116   93   83   85   89   88   80   71   63   54   44   34
   26   24   25   27   26   25   25   28   31   33   31   28   25   23   20   18
   22   33   50   68   85  100  111  117  116
    12.5-180.0 180.0   5.0 450.0                            LAT/LON1/LON2/DLON/H
  129  127  128  134  141  147  154  166  183  199  208  217  234  263  296  320
  330  328  316  292  257  221  196  186  185  188  195  212  236  254  253  235
  212  193  176  153  125  102   92   93   96   91   80   68   57   47   38   29
   24   23   25   26   25   23   22   24   28   30   29   26   23   20   17   16
   20   31   49   69   87  104  119  127  129
    10.0-180.0 180.0   5.0 450.0                            LAT/LON1/LON2/DLON/H
  140  140  141  147  154  160  169  183  202  216  223  229  248  284  326  359
  373  372  359  334  299  263  239  228  225  221  219  228  246  258  254  236
  215  199  184  164  137  115  106  107  106   98   83   67   54   44   35   28
   24   24   26   26   24   21   20   22   25   27   26   24   21   19   17   15
   18   29   48   68   88  107  124  136  140
     7.5-180.0 180.0   5.0 450.0                            LAT/LON1/LON2/DLON/H
  149  151  153  159  165  172  182  199  219  232  234  236  254  294  343  381
  399  398  385  360  328  296  275  266  260  251  242  242  252  259  253  234
  216  204  193  174  150  131  123  122  119  106   87   68   53   42   34   29
   27   27   26   25   22   19   18   19   23   25   24   22   20   20   18   16
   18   28   46   67   88  108  127  141  149
     5.0-180.0 180.0   5.0 450.0                            LAT/LON1/LON2/DLON/H
  154  159  163  169  175  183  194  213  234  244  242  239  253  292  343  383
  401  401  388  366  339  314  300  294  288  275  260  253  256  258  249  232
  217  208  199  183  162  145  139  137  129  112   90   70   54   43   35   31
   30   29   27   24   20   18   17   19   22   23   22   21   20   21   20   18
   20   29   46   67   88  108  127  143  154
     2.5-180.0 180.0   5.0 450.0                            LAT/LON1/LON2/DLON/H
  156  164  171  178  185  193  206  227  247  256  248  238  247  281  328  365
  382  380  369  352  332  315  308  309  306  293  274  262  259  256  245  229
  216  210  203  188  170  156  150  146  135  115   90   69   54   43   37   34
   32   30   27   23   19   17   17   19   22   23   22   21   21   23   24   22
   23   31   47   67   87  106  125  142  156
