gLAB/files/cme/01_09_2019/whrg2440.19i
     1.0            IONOSPHERE MAPS     GNSS                IONEX VERSION / TYPE
GIMAS V1.0          GRC,WHU             02-Sep-19 20:06     PGM / RUN BY / DATE 
WHU'S GLOBAL IONOSPHERE MAPS FOR DAY 244,2019               COMMENT
See for instance: Zhang, Qiang and Zhao, Qile,              COMMENT
Remote Sensing, Vol.10, N.5, 705, 2018                      COMMENT
Contact address: zhangqiang@whu.edu.cn                      COMMENT
  2019     9     1     0     0    0.0000                    EPOCH OF FIRST MAP
  2019     9     2     0     0    0.0000                    EPOCH OF LAST MAP 
  7200                                                      INTERVAL
    13                                                      # OF MAPS IN FILE
  NONE                                                      MAPPING FUNCTION
    10.0                                                    ELEVATION CUTOFF
One-way carrier phase leveled to code                       OBSERVABLES USED    
   250                                                      # OF STATIONS
    53                                                      # OF SATELLITES
  6371.0                                                    BASE RADIUS
     2                                                      MAP DIMENSION       
   450.0 450.0   0.0                                        HGT1 / HGT2 / DHGT
    87.5 -87.5  -2.5                                        LAT1 / LAT2 / DLAT
  -180.0 180.0   5.0                                        LON1 / LON2 / DLON
    -1                                                      EXPONENT
TEC/RMS values in 0.1 TECU; 0, if negative value apear      COMMENT
                           9999, if no value available      COMMENT
Peak TEC values for the included maps:                      COMMENT
 358  343  280  299  366  325  300  299  315  324  401  440 COMMENT
 408                                                        COMMENT
List of stations:                                           COMMENT
algo hert flin darw gol2 abmf brft guat cags ganp boav areq COMMENT
coco drao badg chpg gold brmu cas1 dav1 cord alme artu hlfx COMMENT
guug bogo dubo abpo flrs chpi glsv bake gope brst delf gmsd COMMENT
cpvg amu2 gras casc ebre ascg adis harb chti hnpt bogt ajac COMMENT
barh frdn dgar gode brux bor1 faa1 chur ccj2 aspa graz cro1 COMMENT
ankr albh helg hob2 godz bisk ftna dhlg func bshm areg daej COMMENT
cedu braz cnmr holb auck fair bjfs hers ineg joz2 kir0 hofn COMMENT
koug lmmf mag0 hrao mas1 mbar mets morp naur nlib joze ntus COMMENT
mqzg onsa hyde maju nico kiri invk mgue lpal mcm4 krgg pert COMMENT
mat1 karr nnor iqal nya1 mro1 pfa2 ieng pado kiru m0se nist COMMENT
mkea mal2 kat1 mana mdo1 lama mate not1 isba mtka nium mobs COMMENT
pie1 laut joen nyal mar6 park iisc mac1 kokb mdvj kerg maui COMMENT
nano nrc1 ohi2 pol2 pimo monp lhaz nklg ptbb pdel maw1 ramo COMMENT
kokv salu medi scor madr pohn ohi3 polv nril sjdv ssia suth COMMENT
tabv ptvl penc reun thti tixi samo scrz tskb unbn sthl tlse COMMENT
vald thu2 pots smst wgtn wtzr suwn qaq1 twtf tehn reyk sctb COMMENT
soda tid1 sant untr tela stjo vil0 tong uclu whit sydn prds COMMENT
sofi usn7 quin wtzs seyg ters ufpr rgdg tidb stk2 savo syog COMMENT
wtzz vill tow2 will spt0 ptag usud tixg rabt sfer unbj roth COMMENT
thtg sch2 str2 xmis vaas wab2 tro1 tabl yar2 zamb wsrt wark COMMENT
yakt yar3 zeck wtza yarr zim2 yell zimj yssk zimm           COMMENT
                                                            END OF HEADER
[from data line 3432]
     9                                                      START OF TEC MAP  
  2019     9     1    16     0  0.00                        EPOCH OF CURRENT MAP
    87.5-180.0 180.0   5.0 450.0                            LAT/LON1/LON2/DLON/H
   42   42   42   43   44   44   45   46   46   47   48   48   49   50   51   51
   52   52   53   53   54   54   54   54   54   55   55   55   55   55   55   55
   54   54   54   54   54   54   53   53   53   53   52   52   52   51   51   50
   50   49   49   48   48   47   46   46   45   45   44   44   43   43   42   42
   41   41   41   41   41   41   41   41   42
    85.0-180.0 180.0   5.0 450.0                            LAT/LON1/LON2/DLON/H
   36   37   38   39   40   42   43   45   46   48   50   51   53   54   56   57
   58   59   60   60   61   61   61   61   61   61   61   60   60   60   59   59
   59   59   58   58   58   58   58   57   57   57   56   56   56   55   55   54
   54   53   52   51   50   49   48   47   45   44   43   41   40   39   38   37
   36   35   35   34   34   34   35   35   36
    82.5-180.0 180.0   5.0 450.0                            LAT/LON1/LON2/DLON/H
   32   33   34   36   38   41   43   46   48   51   53   56   58   60   62   64
   65   67   67   68   68   68   68   67   67   66   65   64   64   63   62   62
   61   61   61   61   60   60   60   60   60   60   60   59   59   59   59   58
   58   57   56   55   54   53   51   50   48   46   44   42   40   38   36   34
   33   31   30   30   29   29   30   31   32
    80.0-180.0 180.0   5.0 450.0                            LAT/LON1/LON2/DLON/H
   31   32   34   37   39   42   45   48   51   54   57   60   63   66   69   71
   72   74   75   75   75   74   73   72   71   69   68   67   65   64   63   63
   62   62   62   62   62   62   61   61   61   61   61   61   61   61   61   61
   60   60   60   59   58   57   55   53   51   49   46   44   41   39   36   34
   32   30   29   28   28   28   28   29   31
    77.5-180.0 180.0   5.0 450.0                            LAT/LON1/LON2/DLON/H
   33   35   37   39   42   45   48   51   54   57   61   64   67   70   73   76
   78   79   80   80   80   79   77   75   73   71   69   67   66   64   63   63
   62   62   62   62   62   62   61   61   60   60   59   59   59   59   59   60
   60   60   61   60   60   59   58   56   54   52   50   47   44   41   38   35
   33   31   30   29   29   29   30   31   33
    75.0-180.0 180.0   5.0 450.0                            LAT/LON1/LON2/DLON/H
   38   40   42   45   47   49   52   54   57   60   63   66   70   73   75   78
   80   81   82   83   82   81   79   77   75   72   69   67   65   63   62   62
   62   62   62   62   61   61   60   58   57   56   55   54   54   54   55   56
   57   58   58   59   59   59   58   57   56   54   52   49   46   43   41   38
   36   34   33   32   32   33   34   36   38
    72.5-180.0 180.0   5.0 450.0                            LAT/LON1/LON2/DLON/H
   44   46   48   50   52   54   56   57   59   62   64   67   70   73   75   77
   79   81   82   83   83   82   80   78   76   72   69   66   64   62   61   61
   61   61   61   61   60   59   57   54   52   50   48   47   47   47   48   49
   51   52   53   54   55   55   55   55   54   53   51   50   47   45   43   40
   38   37   35   35   36   37   39   41   44
    70.0-180.0 180.0   5.0 450.0                            LAT/LON1/LON2/DLON/H
   48   50   53   55   56   57   58   59   61   62   65   67   69   71   73   75
   77   78   80   81   82   82   81   79   76   73   69   66   63   61   59   59
   59   60   60   60   59   56   53   50   46   43   41   39   39   40   41   42
   44   46   47   48   49   49   50   50   50   50   49   48   47   45   43   41
   39   38   37   37   37   39   42   44   48
    67.5-180.0 180.0   5.0 450.0                            LAT/LON1/LON2/DLON/H
   48   51   54   56   58   58   59   59   61   62   64   66   68   69   70   71
   73   74   76   78   80   81   81   80   77   74   69   65   62   59   57   57
   57   58   58   58   56   54   50   45   41   37   35   33   33   34   36   37
   39   40   41   42   42   42   43   43   44   44   44   44   44   43   42   40
   39   37   36   36   36   38   41   44   48
    65.0-180.0 180.0   5.0 450.0                            LAT/LON1/LON2/DLON/H
   43   48   51   53   55   56   56   57   59   61   63   65   66   67   67   68
   68   70   72   75   77   80   81   80   78   74   70   65   60   57   55   54
   54   55   56   56   54   51   47   42   38   34   32   31   32   33   35   36
   37   38   38   37   37   36   36   37   37   38   38   39   39   39   39   38
   36   34   32   31   31   33   35   39   43
    62.5-180.0 180.0   5.0 450.0                            LAT/LON1/LON2/DLON/H
   35   39   44   47   49   50   51   53   55   58   61   63   65   65   65   64
   65   66   68   72   75   79   80   80   78   75   70   64   59   54   52   51
   51   53   54   54   52   50   46   42   38   35   34   35   36   38   39   40
   40   39   38   36   34   33   32   32   32   32   33   33   34   35   35   34
   32   30   27   25   24   24   26   30   35
    60.0-180.0 180.0   5.0 450.0                            LAT/LON1/LON2/DLON/H
   24   29   34   37   40   42   44   46   49   54   58   61   63   64   63   62
   62   63   66   69   74   77   80   80   78   74   69   63   57   53   50   48
   49   50   52   52   52   50   47   44   42   41   42   43   45   47   49   48
   47   44   41   38   35   33   32   31   30   29   29   29   30   30   31   30
   29   26   22   18   16   15   16   19   24
    57.5-180.0 180.0   5.0 450.0                            LAT/LON1/LON2/DLON/H
   14   19   24   28   31   33   36   39   44   49   54   59   61   62   61   60
   60   61   64   68   72   76   78   78   76   73   68   62   57   52   49   48
   48   49   51   53   53   52   51   50   50   51   53   56   59   61   61   60
   57   53   48   44   40   38   36   34   32   30   28   27   27   27   28   28
   26   23   18   13    9    7    7   10   14
    55.0-180.0 180.0   5.0 450.0                            LAT/LON1/LON2/DLON/H
    8   13   18   21   24   27   30   33   38   44   50   56   59   60   60   59
   59   61   64   68   71   74   75   75   74   71   67   62   58   54   51   49
   49   51   53   55   56   57   58   59   61   64   67   71   74   75   74   71
   67   62   56   52   48   45   43   40   37   34   30   27   26   26   27   27
   25   22   17   11    6    3    2    4    8
    52.5-180.0 180.0   5.0 450.0                            LAT/LON1/LON2/DLON/H
    8   12   16   20   22   25   27   31   35   41   47   53   57   58   59   59
   60   62   65   68   71   72   72   72   71   69   66   64   61   58   55   54
   54   55   57   59   62   64   67   70   73   78   82   86   88   88   86   82
   77   71   65   61   58   55   53   50   46   41   35   31   28   27   27   28
   27   23   18   12    7    4    3    5    8
    50.0-180.0 180.0   5.0 450.0                            LAT/LON1/LON2/DLON/H
   15   18   20   23   25   27   29   32   36   41   46   51   55   57   59   60
   62   64   67   69   70   70   70   69   68   68   68   67   66   64   62   61
   60   61   63   66   69   73   77   81   86   91   96   99  100   99   96   91
   85   79   74   70   67   66   64   61   56   50   43   36   31   29   29   30
   29   27   22   17   12   10   10   12   15
    47.5-180.0 180.0   5.0 450.0                            LAT/LON1/LON2/DLON/H
   25   27   29   30   32   34   35   38   40   44   48   52   55   58   60   62
   64   67   69   70   70   69   68   68   68   70   72   73   73   72   70   69
   68   69   71   75   79   83   88   93   99  104  108  110  110  108  104   98
   92   86   81   78   76   75   74   71   66   59   51   43   37   34   33   33
   33   31   27   23   20   19   20   23   25
    45.0-180.0 180.0   5.0 450.0                            LAT/LON1/LON2/DLON/H
   37   37   38   38   40   42   44   46   48   50   53   56   58   60   63   65
   68   71   72   72   71   70   69   69   71   74   77   80   81   80   78   77
   76   78   81   85   90   95  100  105  111  115  118  119  118  115  111  105
   99   94   89   85   83   82   81   79   75   68   59   50   43   39   38   38
   37   35   32   29   28   29   32   35   37
    42.5-180.0 180.0   5.0 450.0                            LAT/LON1/LON2/DLON/H
   46   46   44   44   46   49   53   55   57   58   60   62   64   66   68   70
   73   75   76   75   73   72   72   74   77   81   85   87   88   87   85   84
   84   87   92   97  103  108  114  119  123  126  128  128  126  123  118  113
  107  101   96   91   88   87   86   84   81   75   67   58   50   45   43   42
   41   38   36   34   35   38   42   45   46
    40.0-180.0 180.0   5.0 450.0                            LAT/LON1/LON2/DLON/H
   51   49   46   46   48   53   58   62   65   66   68   70   72   73   75   76
   78   79   79   78   77   77   78   82   85   89   92   94   93   92   90   90
   92   97  105  112  119  124  129  133  136  137  138  137  135  132  127  122
  116  109  102   97   92   89   87   86   84   79   73   65   57   51   48   46
   44   41   39   37   39   43   48   51   51
    37.5-180.0 180.0   5.0 450.0                            LAT/LON1/LON2/DLON/H
   51   47   43   42   45   52   59   66   70   73   76   79   81   82   82   83
   83   83   82   81   81   83   87   91   95   98   99   99   97   96   94   96
  101  110  120  130  138  143  146  149  150  150  149  148  146  143  138  132
  125  117  108  100   94   89   86   85   84   81   77   70   63   57   53   49
   46   43   40   39   40   44   49   52   51
    35.0-180.0 180.0   5.0 450.0                            LAT/LON1/LON2/DLON/H
   46   41   36   34   38   46   55   64   71   76   81   86   89   90   90   89
   87   86   85   85   87   91   97  102  105  105  104  103  101   99  100  103
  112  125  140  151  159  163  165  165  164  163  162  161  159  155  150  142
  133  123  112  102   93   87   83   82   82   81   79   74   68   61   56   52
   49   46   42   40   40   43   46   48   46
    32.5-180.0 180.0   5.0 450.0                            LAT/LON1/LON2/DLON/H
   39   33   27   25   29   37   48   59   68   76   84   91   96   98   96   94
   91   89   88   90   94  100  107  112  113  112  109  107  105  106  108  116
  129  146  163  176  183  184  183  181  179  177  175  174  171  167  160  150
  138  126  113  101   91   83   79   78   79   79   79   75   70   64   59   55
   51   48   44   41   40   40   42   42   39
    30.0-180.0 180.0   5.0 450.0                            LAT/LON1/LON2/DLON/H
   33   27   21   18   21   29   40   52   63   73   84   93  100  103  101   98
   94   92   92   95  102  110  117  121  121  117  114  112  114  117  123  134
  150  171  190  202  206  204  200  195  192  189  187  186  182  176  166  152
  137  123  109   97   87   79   74   73   74   76   76   75   70   65   60   56
   53   50   47   43   40   38   38   37   33
    27.5-180.0 180.0   5.0 450.0                            LAT/LON1/LON2/DLON/H
   31   26   20   17   18   25   35   46   57   69   82   94  103  107  105  101
   97   96   97  103  111  120  127  130  128  123  121  122  127  135  144  158
  178  199  218  228  228  222  213  206  201  199  197  195  190  180  166  148
  130  114  101   90   80   73   69   68   69   71   72   72   68   63   58   55
   53   52   50   46   42   38   35   33   31
    25.0-180.0 180.0   5.0 450.0                            LAT/LON1/LON2/DLON/H
   32   29   24   21   21   26   34   43   54   66   80   93  104  109  109  106
  102  102  105  112  121  131  137  138  135  131  131  137  148  160  172  188
  208  229  246  252  246  234  222  213  208  205  203  200  192  179  160  138
  118  101   89   80   73   67   64   62   63   65   67   67   64   60   55   52
   52   52   51   48   43   38   35   33   32
    22.5-180.0 180.0   5.0 450.0                            LAT/LON1/LON2/DLON/H
   36   35   33   30   29   32   38   46   55   66   80   94  106  112  114  112
  110  111  115  123  133  142  147  148  145  143  147  159  174  190  205  220
  239  258  270  271  260  243  227  217  211  208  206  201  191  173  149  123
  101   85   75   69   64   61   58   57   57   59   61   61   59   55   51   48
   48   49   50   49   45   39   36   35   36
    20.0-180.0 180.0   5.0 450.0                            LAT/LON1/LON2/DLON/H
   41   43   43   41   40   42   46   52   60   70   82   96  108  116  120  120
  120  123  129  137  147  155  159  159  158  159  168  185  205  224  238  252
  267  281  289  284  268  247  230  219  213  210  206  199  185  163  135  107
   84   69   62   59   57   55   53   52   52   53   54   54   53   50   46   43
   43   45   47   47   44   40   38   38   41
    17.5-180.0 180.0   5.0 450.0                            LAT/LON1/LON2/DLON/H
   44   48   50   49   49   51   55   62   69   77   88   99  111  121  127  131
  133  137  144  153  162  169  173  174  175  180  193  214  237  256  269  278
  288  298  301  292  273  251  233  222  217  212  206  196  178  153  122   92
   70   57   51   50   50   50   48   47   47   47   48   48   47   45   41   38
   37   38   41   43   42   39   38   40   44
    15.0-180.0 180.0   5.0 450.0                            LAT/LON1/LON2/DLON/H
   44   49   52   52   53   56   63   70   78   86   94  104  115  127  136  142
  147  153  160  169  177  184  189  192  196  205  220  242  265  283  292  297
  302  307  307  296  276  255  238  228  222  216  206  192  171  143  111   81
   60   48   45   45   46   46   45   44   44   44   44   44   43   41   38   34
   32   32   34   37   38   37   37   39   44
    12.5-180.0 180.0   5.0 450.0                            LAT/LON1/LON2/DLON/H
   41   45   47   48   50   56   65   76   86   93  100  108  119  131  144  154
  161  168  176  184  193  200  206  212  219  230  246  267  288  302  307  307
  307  309  307  297  280  261  247  238  231  221  207  189  165  135  103   74
   55   45   43   43   43   43   43   42   42   42   42   42   41   39   36   32
   28   27   28   31   33   34   34   37   41
    10.0-180.0 180.0   5.0 450.0                            LAT/LON1/LON2/DLON/H
   35   36   37   37   41   50   63   77   89   98  104  111  121  135  150  163
  173  181  189  198  206  215  223  232  241  253  267  285  303  313  314  309
  305  305  304  297  285  270  259  251  241  227  208  185  159  129   98   72
   54   46   44   43   42   42   42   42   43   43   42   41   40   39   37   32
   27   24   24   27   30   31   32   33   35
     7.5-180.0 180.0   5.0 450.0                            LAT/LON1/LON2/DLON/H
   28   27   24   24   28   39   55   73   89  100  106  111  120  135  153  168
  180  189  198  208  218  228  239  250  261  271  283  297  309  315  313  305
  299  298  299  297  290  281  272  264  250  231  207  180  152  123   95   71
   56   49   46   44   43   42   42   43   45   45   44   42   41   40   38   35
   29   25   24   26   28   30   30   29   28
     5.0-180.0 180.0   5.0 450.0                            LAT/LON1/LON2/DLON/H
   24   19   14   12   16   27   45   67   85   98  105  110  119  134  153  170
  183  193  203  214  226  238  251  264  275  284  292  301  309  312  308  298
  291  290  293  296  294  290  283  273  256  231  202  173  145  117   92   71
   58   51   48   45   43   42   43   46   48   48   46   44   42   42   41   38
   34   29   27   28   30   31   30   28   24
     2.5-180.0 180.0   5.0 450.0                            LAT/LON1/LON2/DLON/H
   23   16    9    5    7   18   37   60   81   95  103  108  116  132  151  169
  183  193  205  218  231  245  259  273  284  290  295  299  304  306  301  291
  282  281  287  293  295  294  287  275  254  225  192  162  135  110   88   70
   58   51   48   45   44   43   45   48   51   51   50   46   44   43   44   42
   39   34   32   32   34   34   33   29   23
