gLAB/files/cme/01_09_2019/whrg2440.19i
     1.0            IONOSPHERE MAPS     GNSS                IONEX VERSION / TYPE
GIMAS V1.0          GRC,WHU             02-Sep-19 20:06     PGM / RUN BY / DATE 
WHU'S GLOBAL IONOSPHERE MAPS FOR DAY 244,2019               COMMENT
See for instance: Zhang, Qiang and Zhao, Qile,              COMMENT
Remote Sensing, Vol.10, N.5, 705, 2018                      COMMENT
Contact address: zhangqiang@whu.edu.cn                      COMMENT
  2019     9     1     0     0    0.0000                    EPOCH OF FIRST MAP
  2019     9     2     0     0    0.0000                    EPOCH OF LAST MAP 
  7200                                                      INTERVAL
    13                                                      # OF MAPS IN FILE
  NONE                                                      MAPPING FUNCTION
    10.0                                                    ELEVATION CUTOFF
One-way carrier phase leveled to code                       OBSERVABLES USED    
   250                                                      # OF STATIONS
    53                                                      # OF SATELLITES
  6371.0                                                    BASE RADIUS
     2                                                      MAP DIMENSION       
   450.0 450.0   0.0                                        HGT1 / HGT2 / DHGT
    87.5 -87.5  -2.5                                        LAT1 / LAT2 / DLAT
  -180.0 180.0   5.0                                        LON1 / LON2 / DLON
    -1                                                      EXPONENT
TEC/RMS values in 0.1 TECU; 0, if negative value apear      COMMENT
                           9999, if no value available      COMMENT
Peak TEC values for the included maps:                      COMMENT
 358  343  280  299  366  325  300  299  315  324  401  440 COMMENT
 408                                                        COMMENT
List of stations:                                           COMMENT
algo hert flin darw gol2 abmf brft guat cags ganp boav areq COMMENT
coco drao badg chpg gold brmu cas1 dav1 cord alme artu hlfx COMMENT
guug bogo dubo abpo flrs chpi glsv bake gope brst delf gmsd COMMENT
cpvg amu2 gras casc ebre ascg adis harb chti hnpt bogt ajac COMMENT
barh frdn dgar gode brux bor1 faa1 chur ccj2 aspa graz cro1 COMMENT
ankr albh helg hob2 godz bisk ftna dhlg func bshm areg daej COMMENT
cedu braz cnmr holb auck fair bjfs hers ineg joz2 kir0 hofn COMMENT
koug lmmf mag0 hrao mas1 mbar mets morp naur nlib joze ntus COMMENT
mqzg onsa hyde maju nico kiri invk mgue lpal mcm4 krgg pert COMMENT
mat1 karr nnor iqal nya1 mro1 pfa2 ieng pado kiru m0se nist COMMENT
mkea mal2 kat1 mana mdo1 lama mate not1 isba mtka nium mobs COMMENT
pie1 laut joen nyal mar6 park iisc mac1 kokb mdvj kerg maui COMMENT
nano nrc1 ohi2 pol2 pimo monp lhaz nklg ptbb pdel maw1 ramo COMMENT
kokv salu medi scor madr pohn ohi3 polv nril sjdv ssia suth COMMENT
tabv ptvl penc reun thti tixi samo scrz tskb unbn sthl tlse COMMENT
vald thu2 pots smst wgtn wtzr suwn qaq1 twtf tehn reyk sctb COMMENT
soda tid1 sant untr tela stjo vil0 tong uclu whit sydn prds COMMENT
sofi usn7 quin wtzs seyg ters ufpr rgdg tidb stk2 savo syog COMMENT
wtzz vill tow2 will spt0 ptag usud tixg rabt sfer unbj roth COMMENT
thtg sch2 str2 xmis vaas wab2 tro1 tabl yar2 zamb wsrt wark COMMENT
yakt yar3 zeck wtza yarr zim2 yell zimj yssk zimm           COMMENT
                                                            END OF HEADER
[from data line 429]
     2                                                      START OF TEC MAP  
  2019     9     1     2     0  0.00                        EPOCH OF CURRENT MAP
    87.5-180.0 180.0   5.0 450.0                            LAT/LON1/LON2/DLON/H
   70   69   69   69   69   68   68   67   67   66   66   65   64   64   63   62
   61   60   60   59   58   57   57   56   55   55   54   54   54   53   53   53
   53   53   54   54   54   55   55   55   56   56   57   58   58   59   59   60
   61   61   62   62   63   64   64   65   65   66   66   67   67   68   68   68
   69   69   69   69   70   70   70   70   70
    85.0-180.0 180.0   5.0 450.0                            LAT/LON1/LON2/DLON/H
   74   74   74   74   74   73   72   72   71   70   69   68   67   65   64   62
   61   59   58   56   54   52   51   49   48   47   46   45   45   44   44   44
   45   45   46   47   47   48   49   50   51   53   54   55   56   57   58   59
   60   60   61   62   63   64   65   66   66   67   68   69   70   70   71   72
   72   73   73   74   74   74   74   74   74
    82.5-180.0 180.0   5.0 450.0                            LAT/LON1/LON2/DLON/H
   76   76   76   76   76   75   75   74   73   73   72   70   69   68   66   64
   62   59   57   54   52   49   46   44   42   40   38   37   36   36   36   37
   38   39   40   41   43   45   46   48   50   51   52   54   55   56   57   58
   59   59   60   61   62   62   63   64   65   66   67   68   69   69   70   71
   72   73   73   74   75   75   75   76   76
    80.0-180.0 180.0   5.0 450.0                            LAT/LON1/LON2/DLON/H
   74   74   74   74   74   74   74   74   73   73   72   71   70   69   68   66
   63   61   58   54   51   47   44   40   37   34   32   31   30   30   30   31
   33   35   37   39   41   44   46   48   50   51   53   54   55   56   56   57
   57   57   58   58   58   59   59   60   61   62   63   64   65   66   66   67
   68   69   70   71   72   72   73   73   74
    77.5-180.0 180.0   5.0 450.0                            LAT/LON1/LON2/DLON/H
   69   70   70   71   71   71   71   71   71   71   70   70   70   69   69   67
   65   63   60   56   52   47   43   38   34   30   28   26   25   25   26   28
   30   33   36   38   41   44   46   48   50   52   53   54   55   55   55   55
   55   55   54   54   54   54   54   55   55   56   57   57   58   59   60   61
   62   63   64   65   66   67   68   68   69
    75.0-180.0 180.0   5.0 450.0                            LAT/LON1/LON2/DLON/H
   64   64   65   66   66   66   66   66   66   66   67   67   67   68   68   68
   67   65   62   59   54   49   43   37   32   28   25   23   23   23   25   27
   29   32   35   38   41   43   46   48   49   51   52   52   53   53   53   52
   52   51   50   50   49   49   49   49   49   49   50   51   52   53   54   55
   55   56   57   58   59   60   61   62   64
    72.5-180.0 180.0   5.0 450.0                            LAT/LON1/LON2/DLON/H
   59   60   61   61   61   61   61   61   61   61   61   62   63   64   65   66
   67   66   64   61   56   50   44   37   31   27   23   22   22   23   24   27
   29   32   34   36   38   40   42   44   45   47   48   48   49   49   48   48
   47   47   46   45   45   44   44   44   44   44   45   46   47   47   48   49
   49   50   51   52   53   54   56   57   59
    70.0-180.0 180.0   5.0 450.0                            LAT/LON1/LON2/DLON/H
   56   57   58   58   58   58   57   56   56   55   55   56   57   59   61   63
   65   65   64   61   57   51   44   37   31   26   23   22   22   23   25   27
   29   30   31   31   32   33   35   36   38   39   40   41   42   42   43   43
   43   43   42   42   41   41   41   41   41   42   42   43   44   44   45   45
   45   46   47   48   49   51   53   54   56
    67.5-180.0 180.0   5.0 450.0                            LAT/LON1/LON2/DLON/H
   56   57   57   57   57   56   55   53   52   51   51   51   52   53   56   58
   61   62   62   60   55   49   42   35   29   25   23   22   23   25   26   27
   27   26   25   24   23   23   24   26   28   30   31   32   34   35   36   37
   38   39   39   40   40   40   40   40   41   42   43   44   44   45   45   44
   44   45   45   46   48   50   52   54   56
    65.0-180.0 180.0   5.0 450.0                            LAT/LON1/LON2/DLON/H
   58   59   59   59   57   56   54   52   50   49   48   48   48   49   50   53
   55   57   57   56   52   46   39   33   27   24   23   24   26   27   28   27
   25   22   18   15   13   12   13   15   17   20   22   23   25   26   28   31
   33   35   38   39   40   41   42   43   44   45   47   48   48   48   47   46
   46   46   47   48   50   52   54   56   58
    62.5-180.0 180.0   5.0 450.0                            LAT/LON1/LON2/DLON/H
   62   62   62   61   59   57   54   52   50   49   48   47   47   46   46   47
   49   50   51   50   46   41   35   29   25   23   24   26   29   30   30   28
   23   17   11    7    4    3    4    7   10   13   15   16   18   19   22   25
   29   33   37   40   43   44   46   48   49   51   53   54   54   53   52   50
   49   49   50   52   54   56   59   61   62
    60.0-180.0 180.0   5.0 450.0                            LAT/LON1/LON2/DLON/H
   66   66   66   64   62   59   56   54   52   52   51   50   48   46   44   43
   43   43   43   42   40   35   30   26   23   23   25   29   32   34   33   29
   23   15    8    3    0    0    1    5    8   11   12   13   13   15   17   22
   27   33   38   43   46   49   51   54   56   58   60   61   60   59   57   55
   54   54   55   57   59   62   64   65   66
    57.5-180.0 180.0   5.0 450.0                            LAT/LON1/LON2/DLON/H
   70   70   69   68   65   62   59   56   55   55   55   54   52   48   44   40
   38   37   36   35   33   30   26   23   23   24   28   32   36   37   36   31
   24   16    9    4    2    3    6   10   13   15   15   14   13   14   16   21
   27   35   41   47   51   54   57   60   63   66   67   67   66   64   61   58
   57   58   59   61   64   66   68   69   70
    55.0-180.0 180.0   5.0 450.0                            LAT/LON1/LON2/DLON/H
   72   72   72   72   69   66   62   59   58   59   60   60   57   51   45   38
   34   31   30   29   28   26   24   23   24   27   31   36   39   41   39   34
   28   21   16   12   12   14   17   21   24   24   22   19   17   16   18   23
   30   39   46   53   57   60   63   66   69   72   73   73   70   67   63   61
   60   61   63   65   68   69   70   71   72
    52.5-180.0 180.0   5.0 450.0                            LAT/LON1/LON2/DLON/H
   72   73   75   76   74   71   66   63   61   62   64   64   61   55   46   38
   31   28   26   26   25   25   24   25   27   30   35   39   42   43   41   38
   34   29   26   26   27   30   34   37   38   36   33   28   24   22   23   29
   37   45   53   60   64   67   69   72   75   77   77   76   73   68   65   62
   61   62   65   68   70   71   71   71   72
    50.0-180.0 180.0   5.0 450.0                            LAT/LON1/LON2/DLON/H
   70   73   77   80   80   77   72   67   64   65   67   68   64   57   48   38
   30   26   25   25   25   26   27   28   31   34   38   41   43   44   43   42
   40   39   39   41   44   47   50   52   52   49   44   38   33   30   32   37
   45   54   62   68   71   73   74   77   79   80   80   78   73   69   65   62
   62   64   67   69   70   70   69   69   70
    47.5-180.0 180.0   5.0 450.0                            LAT/LON1/LON2/DLON/H
   70   74   80   85   87   84   78   72   68   67   69   69   66   58   48   39
   31   27   26   27   28   30   32   34   37   39   41   43   43   44   44   45
   47   49   52   55   58   61   63   64   62   59   53   47   42   40   42   47
   56   65   72   76   78   79   79   80   82   83   81   78   74   69   65   63
   64   66   68   70   71   70   68   68   70
    45.0-180.0 180.0   5.0 450.0                            LAT/LON1/LON2/DLON/H
   71   77   84   91   94   92   85   77   71   69   70   70   66   59   49   40
   34   31   30   32   34   36   38   40   42   43   43   43   42   42   44   47
   52   56   61   65   68   70   70   70   68   65   60   56   52   50   52   58
   66   75   81   84   85   84   83   83   84   84   83   79   75   70   67   66
   67   69   72   73   73   72   70   69   71
    42.5-180.0 180.0   5.0 450.0                            LAT/LON1/LON2/DLON/H
   79   83   90   97  101   99   91   82   74   71   71   70   67   59   51   43
   39   37   37   39   41   43   45   47   47   46   45   42   41   41   44   49
   55   61   66   69   70   71   70   69   68   66   64   62   60   59   62   68
   76   83   88   90   90   88   86   86   86   86   85   81   77   73   71   71
   73   76   78   79   79   78   77   77   79
    40.0-180.0 180.0   5.0 450.0                            LAT/LON1/LON2/DLON/H
   94   97  101  106  108  104   96   86   78   74   73   72   68   62   54   49
   45   44   45   46   48   50   52   52   51   48   45   41   40   40   44   51
   57   63   66   67   67   65   64   63   64   65   66   66   66   67   70   75
   81   88   93   94   93   90   88   88   88   88   87   85   82   79   78   80
   82   85   88   89   90   91   92   93   94
    37.5-180.0 180.0   5.0 450.0                            LAT/LON1/LON2/DLON/H
  119  118  117  116  114  109   99   89   81   78   77   76   72   66   60   56
   54   53   53   53   54   56   56   56   53   49   45   41   39   41   46   52
   58   62   63   61   59   57   56   56   58   63   67   70   71   72   74   78
   83   89   93   94   93   91   89   89   89   90   90   89   88   87   88   90
   94   98  102  105  108  113  117  119  119
    35.0-180.0 180.0   5.0 450.0                            LAT/LON1/LON2/DLON/H
  155  148  139  131  122  113  102   91   84   82   82   82   79   73   68   65
   64   62   60   59   59   60   60   58   54   50   45   41   40   42   48   54
   58   60   58   55   52   49   48   50   55   61   68   73   75   75   75   77
   81   85   89   91   91   90   89   89   90   91   92   94   95   96   98  103
  108  114  119  125  132  141  150  156  155
    32.5-180.0 180.0   5.0 450.0                            LAT/LON1/LON2/DLON/H
  198  186  168  150  133  118  104   93   87   86   88   89   87   82   77   74
   73   70   66   62   61   61   61   59   55   50   45   42   41   44   50   56
   58   57   54   50   47   45   45   48   54   62   69   74   76   75   73   73
   75   78   82   86   88   88   89   89   90   92   94   98  101  105  109  115
  123  132  140  149  160  175  190  199  198
    30.0-180.0 180.0   5.0 450.0                            LAT/LON1/LON2/DLON/H
  244  228  202  174  148  127  109   96   90   91   95   97   95   90   86   83
   80   75   68   63   61   62   62   60   56   51   47   43   43   46   51   56
   58   56   51   48   46   45   46   50   56   63   70   74   74   71   68   66
   66   70   74   80   84   86   88   88   89   91   95  100  106  112  118  126
  137  150  162  175  190  211  232  245  244
    27.5-180.0 180.0   5.0 450.0                            LAT/LON1/LON2/DLON/H
  287  269  237  201  168  140  118  103   95   96  101  105  103   98   92   88
   84   77   68   62   59   61   62   61   57   53   48   45   44   46   51   55
   56   54   50   48   48   50   51   54   58   64   69   71   69   65   61   58
   57   61   67   74   81   85   87   88   88   90   95  102  110  117  125  136
  151  167  184  199  218  243  269  286  287
    25.0-180.0 180.0   5.0 450.0                            LAT/LON1/LON2/DLON/H
  321  303  269  229  192  160  133  114  104  104  109  112  110  103   96   91
   85   76   66   59   57   60   62   62   59   55   50   46   43   44   48   52
   53   51   49   49   52   55   56   57   60   63   65   65   61   57   52   49
   49   53   61   71   80   86   88   88   87   88   94  102  112  120  129  143
  162  183  203  221  241  267  296  318  321
    22.5-180.0 180.0   5.0 450.0                            LAT/LON1/LON2/DLON/H
  341  326  294  255  217  184  155  132  119  115  118  120  116  107   98   90
   83   74   64   57   56   59   64   64   62   58   53   46   41   40   42   46
   47   46   46   49   54   58   59   58   57   58   57   55   51   47   43   42
   43   49   58   70   81   88   90   89   87   88   94  103  114  123  133  149
  172  197  219  238  256  281  310  334  341
    20.0-180.0 180.0   5.0 450.0                            LAT/LON1/LON2/DLON/H
  343  334  308  275  242  211  181  156  139  132  132  131  124  111   98   89
   81   73   64   57   57   61   66   67   65   61   54   46   38   34   35   38
   40   40   41   46   52   56   56   53   50   48   46   42   38   36   35   36
   39   47   59   72   84   91   94   92   90   90   96  106  117  127  138  155
  180  208  232  248  263  283  310  333  343
    17.5-180.0 180.0   5.0 450.0                            LAT/LON1/LON2/DLON/H
  330  327  310  287  262  237  210  184  164  154  151  146  135  117  100   88
   82   75   67   61   61   65   70   70   68   63   56   45   35   28   28   30
   32   32   33   38   45   49   48   43   39   36   32   29   27   26   28   31
   37   47   61   76   89   96   99   97   95   95  101  112  123  133  143  161
  188  217  240  253  262  276  297  318  330
    15.0-180.0 180.0   5.0 450.0                            LAT/LON1/LON2/DLON/H
  306  309  302  290  276  260  239  215  195  182  175  167  151  128  106   92
   86   82   76   71   69   72   75   74   70   64   56   45   32   24   22   24
   25   24   24   28   34   37   35   30   26   23   20   18   17   19   23   29
   37   49   65   81   94  101  104  104  103  104  110  121  132  141  151  169
  195  223  244  253  257  263  277  294  306
    12.5-180.0 180.0   5.0 450.0                            LAT/LON1/LON2/DLON/H
  279  285  286  285  283  276  263  245  226  213  205  194  173  145  118  101
   95   94   90   85   82   81   81   78   72   65   56   45   32   23   20   22
   21   18   16   18   22   24   22   17   14   13   12   11   11   15   21   28
   38   52   69   86   98  106  110  111  112  115  122  133  144  152  162  178
  202  228  246  251  249  249  256  268  279
    10.0-180.0 180.0   5.0 450.0                            LAT/LON1/LON2/DLON/H
  255  262  269  277  284  286  281  269  255  244  236  224  200  167  135  116
  110  110  108  102   96   92   88   82   74   65   56   45   33   25   22   23
   21   16   11   10   12   13   11    8    7    8    8    9   11   15   21   28
   39   54   72   89  101  109  114  119  124  129  137  147  157  165  173  187
  209  231  245  248  243  240  242  248  255
     7.5-180.0 180.0   5.0 450.0                            LAT/LON1/LON2/DLON/H
  242  248  257  268  280  289  291  287  279  272  265  253  228  192  157  135
  128  129  127  120  111  104   96   86   75   65   56   47   36   29   28   28
   25   17   10    6    6    6    5    3    5    8   11   12   14   18   23   29
   40   56   74   91  103  110  118  126  134  142  151  161  170  177  184  196
  214  232  243  245  241  237  236  238  242
     5.0-180.0 180.0   5.0 450.0                            LAT/LON1/LON2/DLON/H
  242  245  252  263  276  286  293  294  292  290  288  278  253  216  179  154
  146  147  144  136  125  114  103   90   76   64   56   48   40   35   35   35
   32   23   14    8    7    6    5    4    8   13   17   19   21   23   26   31
   41   56   75   91  102  111  120  132  143  153  163  172  180  186  193  204
  218  232  240  242  242  241  242  241  242
     2.5-180.0 180.0   5.0 450.0                            LAT/LON1/LON2/DLON/H
  252  253  257  264  272  280  287  291  294  297  299  293  272  236  198  172
  162  161  157  147  135  123  109   93   77   64   55   49   44   41   41   42
   39   31   21   15   12   11    9   10   13   20   25   28   29   30   30   33
   41   56   75   90  101  109  121  135  149  161  170  179  186  192  199  208
  219  229  235  239  244  250  254  254  252
